  0.036903   0.125059   0.129919  -0.045436  -0.078151   0.037873   0.000000   0.000000   0.000000   0.000000   0.000000   0.000000 
 -0.113155   0.134767   0.142339  -0.065718  -0.050363   0.049389  -0.150058   0.009708   0.012420  -0.020282   0.027788   0.011516 
  0.125864   0.119521   0.091999  -0.039878  -0.091444   0.042456   0.239019  -0.015246  -0.050340   0.025840  -0.041081  -0.006933 
  0.070103   0.107626   0.097838  -0.032315  -0.032372   0.000000  -0.055761  -0.011895   0.005839   0.007563   0.059072  -0.042456 
  0.075751   0.112019   0.120578  -0.026127  -0.034721   0.000000   0.005648   0.004393   0.022740   0.006188  -0.002349   0.000000 
 -0.079888   0.136670   0.171970  -0.041196  -0.072135   0.000000  -0.155639   0.024651   0.051392  -0.015069  -0.037414   0.000000 
 -0.092655   0.156910   0.131894  -0.036268  -0.073568   0.038044  -0.012767   0.020240  -0.040076   0.004928  -0.001433   0.038044 
  0.138920   0.129799   0.102702  -0.047441  -0.092705   0.044290   0.231575  -0.027111  -0.029192  -0.011173  -0.019137   0.006246 
  0.106528   0.132449   0.117579  -0.043717  -0.095913   0.000000  -0.032392   0.002650   0.014877   0.003724  -0.003208  -0.044290 
 -0.107991   0.154265   0.148696  -0.035294  -0.068812   0.000000  -0.214519   0.021816   0.031117   0.008423   0.027101   0.000000 
 -0.130854   0.134130   0.153941  -0.068297  -0.087147  -0.003037  -0.022863  -0.020135   0.005245  -0.033003  -0.018335  -0.003037 
  0.105414   0.127766   0.110118  -0.058728  -0.089954   0.000000   0.236268  -0.006364  -0.043823   0.009569  -0.002807   0.003037 
  0.090434   0.130108   0.111185  -0.047498  -0.092304  -0.034779  -0.014980   0.002342   0.001067   0.011230  -0.002350  -0.034779 
 -0.038563   0.115906   0.137534  -0.043717  -0.048358  -0.029393  -0.128997  -0.014202   0.026349   0.003781   0.043946   0.005386 
 -0.119359   0.120027   0.191685  -0.082105  -0.084110  -0.007907  -0.080796   0.004121   0.054151  -0.038388  -0.035752   0.021486 
 -0.091294   0.155826   0.134162  -0.047154  -0.062853   0.000000   0.028065   0.035799  -0.057523   0.034951   0.021257   0.007907 
  0.124232   0.132424   0.117805  -0.066692  -0.079698  -0.031169   0.215526  -0.023402  -0.016357  -0.019538  -0.016845  -0.031169 
  0.052930   0.144796   0.137501  -0.064744  -0.097575  -0.030768  -0.071302   0.012372   0.019696   0.001948  -0.017877   0.000401 
 -0.124678   0.137971   0.150334  -0.070015  -0.076776  -0.031112  -0.177608  -0.006825   0.012833  -0.005271   0.020799  -0.000344 
 -0.001072   0.099074   0.135077  -0.089725  -0.069500   0.000000   0.123606  -0.038897  -0.015257  -0.019710   0.007276   0.031112 
  0.042015   0.111358   0.107681  -0.040852  -0.051853   0.000000   0.043087   0.012284  -0.027396   0.048873   0.017647   0.000000 
 -0.103626   0.143325   0.146040  -0.099007  -0.056379   0.033289  -0.145641   0.031967   0.038359  -0.058155  -0.004526   0.033289 
 -0.123351   0.117850   0.146969  -0.095168  -0.092647   0.005386  -0.019725  -0.025475   0.000929   0.003839  -0.036268  -0.027903 
  0.090238   0.124162   0.097624  -0.092418  -0.054546   0.033633   0.213589   0.006312  -0.049345   0.002750   0.038101   0.028247 
  0.066546   0.131223   0.120337  -0.087376  -0.051222  -0.029679  -0.023692   0.007061   0.022713   0.005042   0.003324  -0.063312 
 -0.065479   0.115007   0.149450  -0.095455  -0.086574  -0.030940  -0.132025  -0.016216   0.029113  -0.008079  -0.035352  -0.001261 
 -0.097687   0.119423   0.142199  -0.106857  -0.098893   0.000000  -0.032208   0.004416  -0.007251  -0.011402  -0.012319   0.030940 
  0.103072   0.121020   0.088734  -0.097804  -0.049733   0.031398   0.200759   0.001597  -0.053465   0.009053   0.049160   0.031398 
  0.043897   0.115667   0.133182  -0.059301  -0.060161   0.000000  -0.059175  -0.005353   0.044448   0.038503  -0.010428  -0.031398 
 -0.127835   0.133896   0.126864  -0.111841  -0.071505  -0.034721  -0.171732   0.018229  -0.006318  -0.052540  -0.011344  -0.034721 
 -0.151203   0.128474   0.159825  -0.115336  -0.067036   0.000000  -0.023368  -0.005422   0.032961  -0.003495   0.004469   0.034721 
 -0.002957   0.116981   0.113604  -0.089782  -0.087548  -0.016673   0.148246  -0.011493  -0.046221   0.025554  -0.020512  -0.016673 
  0.055653   0.127397   0.099703  -0.054259  -0.065145   0.000000   0.058610   0.010416  -0.013901   0.035523   0.022403   0.016673 
 -0.102006   0.133015   0.123127  -0.107029  -0.070646  -0.037586  -0.157659   0.005618   0.023424  -0.052770  -0.005501  -0.037586 
 -0.133394   0.132794   0.152603  -0.100153  -0.079412   0.000000  -0.031388  -0.000221   0.029476   0.006876  -0.008766   0.037586 
 -0.087599   0.122805   0.117023  -0.104679  -0.080501   0.000000   0.045795  -0.009989  -0.035580  -0.004526  -0.001089   0.000000 
  0.067827   0.117813   0.086438  -0.059702  -0.066291   0.000000   0.155426  -0.004992  -0.030585   0.044977   0.014210   0.000000 
 -0.024982   0.108596   0.116438  -0.070245  -0.083022  -0.036898  -0.092809  -0.009217   0.030000  -0.010543  -0.016731  -0.036898 
 -0.122950   0.120525   0.142372  -0.184836  -0.100440   0.000000  -0.097968   0.011929   0.025934  -0.114591  -0.017418   0.036898 
 -0.101561   0.115570   0.132654  -0.113789  -0.084397   0.030596   0.021389  -0.004955  -0.009718   0.071047   0.016043   0.030596 
  0.125657   0.114433   0.113151  -0.095512  -0.086918   0.000000   0.227218  -0.001137  -0.019503   0.018277  -0.002521  -0.030596 
 -0.089222   0.117525   0.141694  -0.062281  -0.039878  -0.044404  -0.214879   0.003092   0.028543   0.033231   0.047040  -0.044404 
 -0.122692   0.127942   0.179198  -0.118717  -0.139458   0.000000  -0.033470   0.010417   0.037504  -0.056436  -0.099580   0.044404 
 -0.105620   0.120791   0.151089  -0.079584  -0.047040   0.000000   0.017072  -0.007151  -0.028109   0.039133   0.092418   0.000000 
  0.057614   0.118027   0.098183  -0.059931  -0.073568   0.000000   0.163234  -0.002764  -0.052906   0.019653  -0.026528   0.000000 
 -0.005038   0.117235   0.125996  -0.062395  -0.079183  -0.041826  -0.062652  -0.000792   0.027813  -0.002464  -0.005615  -0.041826 
 -0.119896   0.122036   0.149494  -0.056322  -0.037128   0.000000  -0.114858   0.004801   0.023498   0.006073   0.042055   0.041826 
 -0.134049   0.123190   0.164643  -0.114878  -0.116769  -0.032372  -0.014153   0.001154   0.015149  -0.058556  -0.079641  -0.032372 
 -0.005207   0.098096   0.080453  -0.085084  -0.101528  -0.039419   0.128842  -0.025094  -0.084190   0.029794   0.015241  -0.007047 
  0.041372   0.100641   0.093074  -0.064630  -0.087548  -0.043717   0.046579   0.002545   0.012621   0.020454   0.013980  -0.004298 
 -0.146694   0.112110   0.134277  -0.077693  -0.056723  -0.034435  -0.188066   0.011469   0.041203  -0.013063   0.030825   0.009282 
 -0.173129   0.117186   0.139931  -0.124275  -0.113904  -0.038789  -0.026435   0.005076   0.005654  -0.046582  -0.057181  -0.004354 
 -0.069836   0.100756   0.101416  -0.117686  -0.107888  -0.042513   0.103293  -0.016430  -0.038515   0.006589   0.006016  -0.003724 
 -0.001823   0.106170   0.124791  -0.110409  -0.126051  -0.060332   0.068013   0.005414   0.023375   0.007277  -0.018163  -0.017819 
 -0.112596   0.113903   0.149863  -0.119404  -0.103190  -0.049561  -0.110773   0.007733   0.025072  -0.008995   0.022861   0.010771 
 -0.178522   0.122912   0.145620  -0.115852  -0.117456   0.000000  -0.065926   0.009009  -0.004243   0.003552  -0.014266   0.049561 
 -0.009447   0.103632   0.103244  -0.136192  -0.128514  -0.044748   0.169075  -0.019280  -0.042376  -0.020340  -0.011058  -0.044748 
  0.076530   0.106762   0.123816  -0.130692  -0.114706  -0.058785   0.085977   0.003130   0.020572   0.005500   0.013808  -0.014037 
 -0.093611   0.115091   0.147792  -0.132468  -0.107086  -0.056379  -0.170141   0.008329   0.023976  -0.001776   0.007620   0.002406 
 -0.163672   0.126306   0.151940  -0.121983  -0.095340   0.000000  -0.070061   0.011215   0.004148   0.010485   0.011746   0.056379 
 -0.123030   0.110417   0.118227  -0.181628  -0.138598   0.000000   0.040642  -0.015889  -0.033713  -0.059645  -0.043258   0.000000 
  0.044527   0.105856   0.109695  -0.126108  -0.112472  -0.041196   0.167557  -0.004561  -0.008532   0.055520   0.026126  -0.041196 
 -0.078285   0.109377   0.135851  -0.131608  -0.110867  -0.057181  -0.122812   0.003521   0.026156  -0.005500   0.001605  -0.015985 
 -0.161936   0.123297   0.142161  -0.117915  -0.097976   0.000000  -0.083651   0.013920   0.006310   0.013693   0.012891   0.057181 
 -0.124380   0.122024   0.134350  -0.123816  -0.128744   0.000000   0.037556  -0.001273  -0.007811  -0.005901  -0.030768   0.000000 
  0.104243   0.104140   0.113150  -0.142609  -0.127999  -0.037185   0.228623  -0.017884  -0.021200  -0.018793   0.000745  -0.037185 
 -0.033521   0.105696   0.137266  -0.132239  -0.112815  -0.059301  -0.137764   0.001556   0.024116   0.010370   0.015184  -0.022116 
 -0.114089   0.116227   0.146931  -0.131035  -0.123243  -0.031856  -0.080568   0.010531   0.009665   0.001204  -0.010428   0.027445 
 -0.153894   0.118654   0.142684  -0.133786  -0.113961   0.000000  -0.039805   0.002427  -0.004247  -0.002751   0.009282   0.031856 
  0.092383   0.099564   0.094494  -0.146620  -0.143239  -0.033346   0.246277  -0.019090  -0.048190  -0.012834  -0.029278  -0.033346 
  0.064051   0.103236   0.126241  -0.139573  -0.126796  -0.057067  -0.028332   0.003672   0.031747   0.007047   0.016443  -0.023721 
 -0.111792   0.108648   0.145983  -0.146448  -0.116368  -0.059759  -0.175843   0.005412   0.019742  -0.006875   0.010428  -0.002692 
 -0.184964   0.120677   0.172049  -0.145188  -0.104450   0.000000  -0.073172   0.012029   0.026066   0.001260   0.011918   0.059759 
 -0.105547   0.117397   0.139559  -0.123301  -0.132067   0.000000   0.079417  -0.003280  -0.032490   0.021887  -0.027617   0.000000 
  0.091549   0.104267   0.120677  -0.143641  -0.133556  -0.051623   0.197096  -0.013130  -0.018882  -0.020340  -0.001489  -0.051623 
 -0.076023   0.104997   0.133892  -0.134760  -0.123243  -0.056436  -0.167572   0.000730   0.013215   0.008881   0.010313  -0.004813 
 -0.104216   0.114348   0.145522  -0.118258  -0.128973  -0.033232  -0.028193   0.009351   0.011630   0.016502  -0.005730   0.023204 
 -0.173472   0.115129   0.167524  -0.143125  -0.121410   0.000000  -0.069256   0.000781   0.022002  -0.024867   0.007563   0.033232 
 -0.125106   0.113634   0.141345  -0.130233  -0.138427   0.000000   0.048366  -0.001495  -0.026179   0.012892  -0.017017   0.000000 
  0.069412   0.106176   0.102619  -0.189363  -0.134645  -0.032258   0.194518  -0.007458  -0.038726  -0.059130   0.003782  -0.032258 
 -0.026465   0.105489   0.135173  -0.142838  -0.135103  -0.045092  -0.095877  -0.000687   0.032554   0.046525  -0.000458  -0.012834 
 -0.112627   0.115312   0.149473  -0.120550  -0.129488   0.000000  -0.086162   0.009823   0.014300   0.022288   0.005615   0.045092 
 -0.163318   0.114671   0.167460  -0.150917  -0.126280   0.000000  -0.050691  -0.000641   0.017987  -0.030367   0.003208   0.000000 
 -0.005245   0.117358   0.123399  -0.115623  -0.145073  -0.031226   0.158073   0.002687  -0.044061   0.035294  -0.018793  -0.031226 
  0.040356   0.104692   0.127214  -0.146333  -0.143641  -0.039362   0.045601  -0.012666   0.003815  -0.030710   0.001432  -0.008136 
 -0.047668   0.093689   0.126053  -0.135275  -0.150516  -0.045665  -0.088024  -0.011003  -0.001161   0.011058  -0.006875  -0.006303 
 -0.176669   0.094078   0.170596  -0.157621  -0.114477   0.000000  -0.129001   0.000389   0.044543  -0.022346   0.036039   0.045665 
 -0.171816   0.118950   0.196388  -0.155157  -0.131035   0.000000   0.004853   0.024872   0.025792   0.002464  -0.016558   0.000000 
  0.012839   0.112260   0.152459  -0.138770  -0.143641  -0.029278   0.184655  -0.006690  -0.043929   0.016387  -0.012606  -0.029278 
  0.059755   0.103980   0.125357  -0.141750  -0.147136  -0.035982   0.046916  -0.008280  -0.027102  -0.002980  -0.003495  -0.006704 
 -0.049718   0.102679   0.143594  -0.137567  -0.132468  -0.055004  -0.109473  -0.001301   0.018237   0.004183   0.014668  -0.019022 
 -0.158393   0.116318   0.162846  -0.129431  -0.110638   0.000000  -0.108675   0.013639   0.019252   0.008136   0.021830   0.055004 
 -0.160678   0.113541   0.144388  -0.136880  -0.118545   0.000000  -0.002285  -0.002777  -0.018458  -0.007449  -0.007907   0.000000 
  0.020087   0.092847   0.096560  -0.134187  -0.150172  -0.050478   0.180765  -0.020694  -0.047828   0.002693  -0.031627  -0.050478 
 -0.008089   0.091125   0.107438  -0.130634  -0.139458  -0.063999  -0.028176  -0.001722   0.010878   0.003553   0.010714  -0.013521 
 -0.134595   0.091425   0.141985  -0.147709  -0.104278  -0.034206  -0.126506   0.000300   0.034547  -0.017075   0.035180   0.029793 
 -0.184157   0.114289   0.165518  -0.144500  -0.115623   0.000000  -0.049562   0.022864   0.023533   0.003209  -0.011345   0.034206 
 -0.005719   0.106919   0.121123  -0.190623  -0.146677  -0.037586   0.178438  -0.007370  -0.044395  -0.046123  -0.031054  -0.037586 
 -0.014826   0.095982   0.126952  -0.144557  -0.134187  -0.060963  -0.009107  -0.010937   0.005829   0.046066   0.012490  -0.023377 
 -0.075093   0.108223   0.125723  -0.098148  -0.142437  -0.059645  -0.060267   0.012241  -0.001229   0.046409  -0.008250   0.001318 
 -0.149228   0.110635   0.166458  -0.121811  -0.106627  -0.030539  -0.074135   0.002412   0.040735  -0.023663   0.035810   0.029106 
 -0.169611   0.116127   0.203618  -0.167304  -0.111555   0.000000  -0.020383   0.005492   0.037160  -0.045493  -0.004928   0.030539 
 -0.038761   0.115936   0.140963  -0.114706  -0.138885  -0.051394   0.130850  -0.000191  -0.062655   0.052598  -0.027330  -0.051394 
 -0.006436   0.103417   0.120087  -0.194691  -0.141177  -0.046753   0.032325  -0.012519  -0.020876  -0.079985  -0.002292   0.004641 
 -0.063015   0.110111   0.140145  -0.113446  -0.139573  -0.059416  -0.056579   0.006694   0.020058   0.081245   0.001604  -0.012663 
 -0.180790   0.111129   0.167254  -0.141750  -0.121639   0.000000  -0.117775   0.001018   0.027109  -0.028304   0.017934   0.059416 
 -0.189463   0.110700   0.189380  -0.164783  -0.143469   0.000000  -0.008673  -0.000429   0.022126  -0.023033  -0.021830   0.000000 
  0.116218   0.102022   0.123822  -0.114993  -0.164324   0.000000   0.305681  -0.008678  -0.065558   0.049790  -0.020855   0.000000 
  0.075202   0.099161   0.115126  -0.175210  -0.143870   0.000000  -0.041016  -0.002861  -0.008696  -0.060217   0.020454   0.000000 
 -0.031966   0.092756   0.128136  -0.135103  -0.139401   0.000000  -0.107168  -0.006405   0.013010   0.040107   0.004469   0.000000 
 -0.138551   0.077330   0.158575  -0.140260  -0.096715   0.000000  -0.106585  -0.015426   0.030439  -0.005157   0.042686   0.000000 
 -0.199481   0.113256   0.176634  -0.139630  -0.145016   0.000000  -0.060930   0.035926   0.018059   0.000630  -0.048301   0.000000 
 -0.114105   0.083530   0.121294  -0.140776  -0.150000   0.000000   0.085376  -0.029726  -0.055340  -0.001146  -0.004984   0.000000 
 -0.016083   0.090443   0.080663  -0.142265  -0.145417  -0.044404   0.098022   0.006913  -0.040631  -0.001489   0.004583  -0.044404 
 -0.088781   0.095211   0.114283  -0.132124  -0.142380  -0.053113  -0.072698   0.004768   0.033620   0.010141   0.003037  -0.008709 
 -0.176999   0.089548   0.161907  -0.149026  -0.130176   0.000000  -0.088218  -0.005663   0.047624  -0.016902   0.012204   0.053113 
 -0.162863   0.091118   0.150149  -0.150287  -0.123301   0.000000   0.014136   0.001570  -0.011758  -0.001261   0.006875   0.000000 
 -0.020175   0.092389   0.101605  -0.125420  -0.146964  -0.050879   0.142688   0.001271  -0.048544   0.024867  -0.023663  -0.050879 
 -0.089309   0.087935   0.108484  -0.128343  -0.142495  -0.057468  -0.069134  -0.004454   0.006879  -0.002923   0.004469  -0.006589 
 -0.127895   0.095015   0.123967  -0.136135  -0.142323  -0.059874  -0.038586   0.007080   0.015483  -0.007792   0.000172  -0.002406 
 -0.203955   0.087517   0.163034  -0.153896  -0.150459   0.000000  -0.076060  -0.007498   0.039067  -0.017761  -0.008136   0.059874 
 -0.177482   0.087226   0.132112  -0.151719  -0.139000   0.000000   0.026473  -0.000291  -0.030922   0.002177   0.011459   0.000000 
 -0.007596   0.082581   0.100235  -0.119462  -0.184378  -0.048415   0.169886  -0.004645  -0.031877   0.032257  -0.045378  -0.048415 
 -0.044455   0.087853   0.105023  -0.132124  -0.149026  -0.055119  -0.036859   0.005272   0.004788  -0.012662   0.035352  -0.006704 
 -0.139988   0.069733   0.120241  -0.139687  -0.144099  -0.047957  -0.095533  -0.018120   0.015218  -0.007563   0.004927   0.007162 
 -0.194051   0.084223   0.170227  -0.149370  -0.145875   0.000000  -0.054063   0.014490   0.049986  -0.009683  -0.001776   0.047957 
 -0.157591   0.084621   0.142217  -0.156589  -0.140317   0.000000   0.036460   0.000398  -0.028010  -0.007219   0.005558   0.000000 
 -0.011940   0.068317   0.101110  -0.136822  -0.167361  -0.039935   0.145651  -0.016304  -0.041107   0.019767  -0.027044  -0.039935 
 -0.122590   0.087503   0.085055  -0.097861  -0.124045  -0.033461  -0.110650   0.019186  -0.016055   0.038961   0.043316   0.006474 
 -0.134586   0.081004   0.133837  -0.133098  -0.132124  -0.034950  -0.011996  -0.006499   0.048782  -0.035237  -0.008079  -0.001489 
 -0.189728   0.085624   0.174784  -0.158767  -0.142552   0.000000  -0.055142   0.004620   0.040947  -0.025669  -0.010428   0.034950 
 -0.110119   0.079258   0.116699  -0.132869  -0.149026  -0.034148   0.079609  -0.006366  -0.058085   0.025898  -0.006474  -0.034148 
 -0.031644   0.069942   0.087698  -0.137109  -0.146792  -0.068870   0.078475  -0.009316  -0.029001  -0.004240   0.002234  -0.034722 
 -0.118993   0.090938   0.123782  -0.130921  -0.140948  -0.078323  -0.087349   0.020996   0.036084   0.006188   0.005844  -0.009453 
 -0.164490   0.085837   0.155130  -0.142953  -0.121181  -0.033575  -0.045497  -0.005101   0.031348  -0.012032   0.019767   0.044748 
 -0.197828   0.085876   0.159745  -0.163006  -0.150802   0.000000  -0.033338   0.000039   0.004615  -0.020053  -0.029621   0.033575 
 -0.107178   0.075842   0.129277  -0.150860  -0.147078   0.000000   0.090650  -0.010034  -0.030468   0.012146   0.003724   0.000000 
 -0.011754   0.083544   0.110652  -0.135676  -0.160600  -0.051394   0.095424   0.007702  -0.018625   0.015184  -0.013522  -0.051394 
 -0.092037   0.066356   0.097821  -0.140661  -0.151032  -0.049102  -0.080283  -0.017188  -0.012831  -0.004985   0.009568   0.002292 
 -0.126537   0.075241   0.129156  -0.133614  -0.144213  -0.029049  -0.034500   0.008885   0.031335   0.007047   0.006819   0.020053 
 -0.224280   0.105399   0.167794  -0.166788  -0.161918   0.000000  -0.097743   0.030158   0.038638  -0.033174  -0.017705   0.029049 
 -0.168582   0.083871   0.138780  -0.165470  -0.146734   0.000000   0.055698  -0.021528  -0.029014   0.001318   0.015184   0.000000 
  0.052751   0.093600   0.088441  -0.179680  -0.155100  -0.033690   0.221333   0.009729  -0.050339  -0.014210  -0.008366  -0.033690 
 -0.023066   0.085623   0.109652  -0.145302  -0.153896  -0.047785  -0.075817  -0.007977   0.021211   0.034378   0.001204  -0.014095 
 -0.122474   0.075496   0.118979  -0.144099  -0.143927   0.000000  -0.099408  -0.010127   0.009327   0.001203   0.009969   0.047785 
 -0.223138   0.102687   0.141496  -0.178763  -0.138140   0.000000  -0.100664   0.027191   0.022517  -0.034664   0.005787   0.000000 
 -0.125033   0.078734   0.111114  -0.158136  -0.152063   0.000000   0.098105  -0.023953  -0.030382   0.020627  -0.013923   0.000000 
 -0.006273   0.076986   0.061045  -0.195837  -0.165012  -0.038961   0.118760  -0.001748  -0.050069  -0.037701  -0.012949  -0.038961 
 -0.142605   0.078742   0.063395  -0.139630  -0.099809   0.000000  -0.136332   0.001756   0.002350   0.056207   0.065203   0.038961 
 -0.154361   0.076722   0.106931  -0.140031  -0.128285  -0.031054  -0.011756  -0.002020   0.043536  -0.000401  -0.028476  -0.031054 
 -0.221513   0.098065   0.132804  -0.173606  -0.139458   0.000000  -0.067152   0.021343   0.025873  -0.033575  -0.011173   0.031054 
 -0.106742   0.089220   0.082533  -0.154298  -0.121696  -0.034435   0.114771  -0.008845  -0.050271   0.019308   0.017762  -0.034435 
 -0.005477   0.075732   0.074514  -0.147136  -0.166731  -0.050191   0.101265  -0.013488  -0.008019   0.007162  -0.045035  -0.015756 
 -0.131297   0.077658   0.067292  -0.142094  -0.115909  -0.040451  -0.125820   0.001926  -0.007222   0.005042   0.050822   0.009740 
 -0.168024   0.088977   0.136796  -0.160543  -0.177330  -0.059759  -0.036727   0.011319   0.069504  -0.018449  -0.061421  -0.019308 
 -0.152196   0.085763   0.112546  -0.161975  -0.182029  -0.056150   0.015828  -0.003214  -0.024250  -0.001432  -0.004699   0.003609 
 -0.012563   0.067981   0.049894  -0.162434  -0.185295  -0.058155   0.139633  -0.017782  -0.062652  -0.000459  -0.003266  -0.002005 
 -0.123251   0.072302   0.054004  -0.151777  -0.115737  -0.039706  -0.110688   0.004321   0.004110   0.010657   0.069558   0.018449 
 -0.167885   0.081478   0.113214  -0.182716  -0.178935  -0.056264  -0.044634   0.009176   0.059210  -0.030939  -0.063198  -0.016558 
 -0.194029   0.084825   0.096496  -0.179565  -0.186211  -0.054660  -0.026144   0.003347  -0.016718   0.003151  -0.007276   0.001604 
  0.003030   0.069604   0.042623  -0.166215  -0.186039  -0.053686   0.197059  -0.015221  -0.053873   0.013350   0.000172   0.000974 
 -0.057766   0.061982   0.041403  -0.179508  -0.197556  -0.063255  -0.060796  -0.007622  -0.001220  -0.013293  -0.011517  -0.009569 
 -0.163712   0.082223   0.075079  -0.146505  -0.118258  -0.032086  -0.105946   0.020241   0.033676   0.033003   0.079298   0.031169 
 -0.206003   0.086319   0.102682  -0.178247  -0.179393   0.000000  -0.042291   0.004096   0.027603  -0.031742  -0.061135   0.032086 
 -0.125175   0.071231   0.043025  -0.174924  -0.128228  -0.030080   0.080828  -0.015088  -0.059657   0.003323   0.051165  -0.030080 
 -0.011438   0.062977   0.040892  -0.166272  -0.176586  -0.064630   0.113737  -0.008254  -0.002133   0.008652  -0.048358  -0.034550 
 -0.127931   0.063700   0.066460  -0.141578  -0.151433  -0.037873  -0.116493   0.000723   0.025568   0.024694   0.025153   0.026757 
 -0.225775   0.087638   0.106323  -0.168507  -0.171715   0.000000  -0.097844   0.023938   0.039863  -0.026929  -0.020282   0.037873 
 -0.185848   0.080171   0.075321  -0.174408  -0.188159  -0.052254   0.039927  -0.007467  -0.031002  -0.005901  -0.016444  -0.052254 
 -0.036367   0.056985   0.017652  -0.191081  -0.195837  -0.065833   0.149481  -0.023186  -0.057669  -0.016673  -0.007678  -0.013579 
 -0.168980   0.060218   0.007145  -0.160600  -0.145990  -0.038560  -0.132613   0.003233  -0.010507   0.030481   0.049847   0.027273 
 -0.180306   0.077725   0.079842  -0.160715  -0.134645  -0.047498  -0.011326   0.017507   0.072697  -0.000115   0.011345  -0.008938 
 -0.214041   0.072761   0.063019  -0.199103  -0.193373  -0.033919  -0.033735  -0.004964  -0.016823  -0.038388  -0.058728   0.013579 
 -0.049132   0.051893   0.017102  -0.186383  -0.205749  -0.035237   0.164909  -0.020868  -0.045917   0.012720  -0.012376  -0.001318 
 -0.154822   0.057806   0.001065  -0.155501  -0.120378  -0.052999  -0.105690   0.005913  -0.016037   0.030882   0.085371  -0.017762 
 -0.232092   0.080077   0.086661  -0.160142  -0.143297  -0.060562  -0.077270   0.022271   0.085596  -0.004641  -0.022919  -0.007563 
