  0.039874   0.121898   0.117820  -0.053457  -0.029679   0.000000   0.000000   0.000000   0.000000   0.000000   0.000000   0.000000 
 -0.024264   0.128809   0.131519  -0.059530  -0.038732   0.000000  -0.064138   0.006911   0.013699  -0.006073  -0.009053   0.000000 
  0.022724   0.142412   0.124701  -0.050707  -0.033919   0.000000   0.046988   0.013603  -0.006818   0.008823   0.004813   0.000000 
  0.078552   0.124001   0.118195  -0.043487   0.000000   0.000000   0.055828  -0.018411  -0.006506   0.007220   0.033919   0.000000 
  0.063112   0.121617   0.137654  -0.049847   0.000000   0.000000  -0.015440  -0.002384   0.019459  -0.006360   0.000000   0.000000 
  0.048746   0.160478   0.132226  -0.053113   0.000000   0.000000  -0.014366   0.038861  -0.005428  -0.003266   0.000000   0.000000 
  0.044906   0.172166   0.130276  -0.065833  -0.047040  -0.030653  -0.003840   0.011688  -0.001950  -0.012720  -0.047040  -0.030653 
 -0.038296   0.145526   0.142575  -0.070015  -0.032200  -0.028762  -0.083202  -0.026640   0.012299  -0.004182   0.014840   0.001891 
 -0.068493   0.161904   0.114630  -0.052655  -0.034320   0.000000  -0.030197   0.016378  -0.027945   0.017360  -0.002120   0.028762 
  0.058599   0.174165   0.133328  -0.038445  -0.070015  -0.041539   0.127092   0.012261   0.018698   0.014210  -0.035695  -0.041539 
  0.018822   0.144749   0.135080  -0.031112   0.000000  -0.034320  -0.039777  -0.029416   0.001752   0.007333   0.070015   0.007219 
  0.006248   0.140810   0.129324   0.000000  -0.019366  -0.034492  -0.012574  -0.003939  -0.005756   0.031112  -0.019366  -0.000172 
 -0.064643   0.149991   0.139580  -0.032372  -0.022689  -0.032028  -0.070891   0.009181   0.010256  -0.032372  -0.003323   0.002464 
 -0.088963   0.133077   0.160181  -0.029164  -0.051681   0.000000  -0.024320  -0.016914   0.020601   0.003208  -0.028992   0.032028 
 -0.007652   0.145381   0.131002  -0.008537   0.000000   0.000000   0.081311   0.012304  -0.029179   0.020627   0.051681   0.000000 
 -0.009140   0.144983   0.148685  -0.006875   0.000000  -0.031513  -0.001488  -0.000398   0.017683   0.001662   0.000000  -0.031513 
 -0.026514   0.147881   0.148943  -0.010313   0.000000  -0.031570  -0.017374   0.002898   0.000258  -0.003438   0.000000  -0.000057 
 -0.088322   0.149351   0.149509  -0.028820  -0.035180   0.000000  -0.061808   0.001470   0.000566  -0.018507  -0.035180   0.031570 
 -0.070836   0.148550   0.140277  -0.004985  -0.066520   0.000000   0.017486  -0.000801  -0.009232   0.023835  -0.031340   0.000000 
 -0.010906   0.126346   0.113766   0.000000  -0.071677  -0.069729   0.059930  -0.022204  -0.026511   0.004985  -0.005157  -0.069729 
 -0.108705   0.132619   0.121474   0.000000  -0.056379  -0.073510  -0.097799   0.006273   0.007708   0.000000   0.015298  -0.003781 
 -0.086174   0.152628   0.132700  -0.029106  -0.076375  -0.040565   0.022531   0.020009   0.011226  -0.029106  -0.019996   0.032945 
 -0.093923   0.142853   0.139660  -0.049733  -0.051738  -0.069672  -0.007749  -0.009775   0.006960  -0.020627   0.024637  -0.029107 
 -0.097618   0.142497   0.129772  -0.033862  -0.083595  -0.039362  -0.003695  -0.000356  -0.009888   0.015871  -0.031857   0.030310 
 -0.007518   0.148397   0.127049  -0.033403  -0.070646  -0.065833   0.090100   0.005900  -0.002723   0.000459   0.012949  -0.026471 
 -0.003758   0.147054   0.137466  -0.029851  -0.066177  -0.072078   0.003760  -0.001343   0.010417   0.003552   0.004469  -0.006245 
 -0.042621   0.141808   0.148209  -0.028934  -0.061822  -0.042857  -0.038863  -0.005246   0.010743   0.000917   0.004355   0.029221 
 -0.067286   0.143233   0.137968  -0.031455  -0.059072  -0.071161  -0.024665   0.001425  -0.010241  -0.002521   0.002750  -0.028304 
 -0.123169   0.136250   0.116450  -0.035409  -0.060905  -0.052025  -0.055883  -0.006983  -0.021518  -0.003954  -0.001833   0.019136 
 -0.111753   0.139568   0.095951   0.000000  -0.040623  -0.061650   0.011416   0.003318  -0.020499   0.035409   0.020282  -0.009625 
 -0.042373   0.142378   0.128273   0.000000  -0.035008  -0.050306   0.069380   0.002810   0.032322   0.000000   0.005615   0.011344 
 -0.077212   0.139692   0.144096  -0.030424  -0.033289  -0.073625  -0.034839  -0.002686   0.015823  -0.030424   0.001719  -0.023319 
 -0.100484   0.145942   0.145359  -0.033232  -0.036440  -0.072651  -0.023272   0.006250   0.001263  -0.002808  -0.003151   0.000974 
 -0.122330   0.140156   0.139073  -0.051795  -0.035638  -0.062338  -0.021846  -0.005786  -0.006286  -0.018563   0.000802   0.010313 
 -0.081444   0.153638   0.154572  -0.050420  -0.060905  -0.037300   0.040886   0.013482   0.015499   0.001375  -0.025267   0.025038 
 -0.051306   0.166987   0.180255  -0.058155  -0.037357  -0.039706   0.030138   0.013349   0.025683  -0.007735   0.023548  -0.002406 
 -0.066286   0.170986   0.181603  -0.034377  -0.039706  -0.063656  -0.014980   0.003999   0.001348   0.023778  -0.002349  -0.023950 
 -0.101100   0.166786   0.183060  -0.066921  -0.029966  -0.053801  -0.034814  -0.004200   0.001457  -0.032544   0.009740   0.009855 
 -0.120498   0.163515   0.170246  -0.062510  -0.033174  -0.068067  -0.019398  -0.003271  -0.012814   0.004411  -0.003208  -0.014266 
 -0.093261   0.166347   0.177238  -0.050592  -0.042342  -0.073339   0.027237   0.002832   0.006992   0.011918  -0.009168  -0.005272 
 -0.108365   0.158654   0.196342  -0.062109  -0.039477  -0.055004  -0.015104  -0.007693   0.019104  -0.011517   0.002865   0.018335 
 -0.117465   0.161306   0.198696  -0.074141  -0.041769  -0.081417  -0.009100   0.002652   0.002354  -0.012032  -0.002292  -0.026413 
 -0.151602   0.159570   0.198832  -0.080615  -0.058155  -0.071906  -0.034137  -0.001736   0.000136  -0.006474  -0.016386   0.009511 
 -0.060953   0.168782   0.203259  -0.072021  -0.041998  -0.031398   0.090649   0.009212   0.004427   0.008594   0.016157   0.040508 
 -0.075156   0.166382   0.214913  -0.067838  -0.039248  -0.068698  -0.014203  -0.002400   0.011654   0.004183   0.002750  -0.037300 
 -0.099500   0.167080   0.221298  -0.079412  -0.030195  -0.092647  -0.024344   0.000698   0.006385  -0.011574   0.009053  -0.023949 
 -0.138410   0.181605   0.203576  -0.088923   0.000000  -0.075401  -0.038910   0.014525  -0.017722  -0.009511   0.030195   0.017246 
 -0.189731   0.179695   0.208894  -0.092819  -0.049102  -0.120837  -0.051321  -0.001910   0.005318  -0.003896  -0.049102  -0.045436 
 -0.145284   0.161333   0.213814  -0.078094  -0.031799  -0.090012   0.044447  -0.018362   0.004920   0.014725   0.017303   0.030825 
 -0.126627   0.164286   0.233887  -0.113274  -0.030596  -0.094653   0.018657   0.002953   0.020073  -0.035180   0.001203  -0.004641 
 -0.178875   0.184053   0.214270  -0.095054   0.000000  -0.104966  -0.052248   0.019767  -0.019617   0.018220   0.030596  -0.010313 
 -0.233059   0.185080   0.226568  -0.109951   0.000000  -0.123988  -0.054184   0.001027   0.012298  -0.014897   0.000000  -0.019022 
 -0.242290   0.165232   0.225384  -0.112414   0.000000  -0.110581  -0.009231  -0.019848  -0.001184  -0.002463   0.000000   0.013407 
 -0.164939   0.168868   0.233593  -0.112128   0.000000  -0.140489   0.077351   0.003636   0.008209   0.000286   0.000000  -0.029908 
 -0.176547   0.180923   0.237497  -0.100783   0.000000  -0.154985  -0.011608   0.012055   0.003904   0.011345   0.000000  -0.014496 
 -0.193814   0.184828   0.244422  -0.135619   0.000000  -0.139802  -0.017267   0.003905   0.006925  -0.034836   0.000000   0.015183 
 -0.241144   0.167771   0.253289  -0.154870   0.000000  -0.142265  -0.047330  -0.017057   0.008867  -0.019251   0.000000  -0.002463 
 -0.293158   0.180115   0.251200  -0.172518   0.000000  -0.141291  -0.052014   0.012344  -0.002089  -0.017648   0.000000   0.000974 
 -0.197949   0.188080   0.239039  -0.150459   0.000000  -0.131494   0.095209   0.007965  -0.012161   0.022059   0.000000   0.009797 
 -0.190486   0.189473   0.249345  -0.157048   0.000000  -0.142552   0.007463   0.001393   0.010306  -0.006589   0.000000  -0.011058 
 -0.230971   0.189803   0.241429  -0.161460   0.000000  -0.151089  -0.040485   0.000330  -0.007916  -0.004412   0.000000  -0.008537 
 -0.262979   0.180429   0.245189  -0.164152   0.000000  -0.178935  -0.032008  -0.009374   0.003760  -0.002692   0.000000  -0.027846 
 -0.309023   0.175735   0.232847  -0.180253   0.000000  -0.181169  -0.046044  -0.004694  -0.012342  -0.016101   0.000000  -0.002234 
 -0.247964   0.184644   0.245417  -0.177674   0.000000  -0.143297   0.061059   0.008909   0.012570   0.002579   0.000000   0.037872 
 -0.240363   0.188694   0.281789  -0.198530   0.000000  -0.177903   0.007601   0.004050   0.036372  -0.020856   0.000000  -0.034606 
 -0.246866   0.188394   0.284225  -0.193717   0.000000  -0.201452  -0.006503  -0.000300   0.002436   0.004813   0.000000  -0.023549 
 -0.273575   0.200033   0.263321  -0.185295   0.000000  -0.175440  -0.026709   0.011639  -0.020904   0.008422   0.000000   0.026012 
 -0.306625   0.188880   0.276602  -0.211421   0.000000  -0.207640  -0.033050  -0.011153   0.013281  -0.026126   0.000000  -0.032200 
 -0.252007   0.186787   0.279377  -0.200593   0.000000  -0.195264   0.054618  -0.002093   0.002775   0.010828   0.000000   0.012376 
 -0.268977   0.194810   0.269180  -0.185925   0.000000  -0.222823  -0.016970   0.008023  -0.010197   0.014668   0.000000  -0.027559 
 -0.296517   0.203831   0.300918  -0.210906   0.000000  -0.212911  -0.027540   0.009021   0.031738  -0.024981   0.000000   0.009912 
 -0.342463   0.207620   0.284706  -0.231074   0.000000  -0.213140  -0.045946   0.003789  -0.016212  -0.020168   0.000000  -0.000229 
 -0.283408   0.199729   0.280250  -0.209187   0.000000  -0.227751   0.059055  -0.007891  -0.004456   0.021887   0.000000  -0.014611 
 -0.275946   0.207304   0.280114  -0.201452   0.000000  -0.244424   0.007462   0.007575  -0.000136   0.007735   0.000000  -0.016673 
 -0.313001   0.189162   0.294219  -0.209244   0.000000  -0.258175  -0.037055  -0.018142   0.014105  -0.007792   0.000000  -0.013751 
 -0.342876   0.191635   0.286087  -0.216807   0.000000  -0.263102  -0.029875   0.002473  -0.008132  -0.007563   0.000000  -0.004927 
 -0.369440   0.194043   0.288825  -0.243335   0.000000  -0.235658  -0.026564   0.002408   0.002738  -0.026528   0.000000   0.027444 
 -0.310358   0.207904   0.261383  -0.214974   0.000000  -0.227980   0.059082   0.013861  -0.027442   0.028361   0.000000   0.007678 
 -0.249552   0.209953   0.298568  -0.212567   0.000000  -0.256914   0.060806   0.002049   0.037185   0.002407   0.000000  -0.028934 
 -0.325454   0.209761   0.281337  -0.216807   0.000000  -0.253133  -0.075902  -0.000192  -0.017231  -0.004240   0.000000   0.003781 
 -0.332015   0.207109   0.285271  -0.216349   0.000000  -0.251471  -0.006561  -0.002652   0.003934   0.000458   0.000000   0.001662 
 -0.375681   0.191341   0.302602  -0.255768   0.000000  -0.254737  -0.043666  -0.015768   0.017331  -0.039419   0.000000  -0.003266 
 -0.391089   0.204018   0.295726  -0.227464   0.000000  -0.239267  -0.015408   0.012677  -0.006876   0.028304   0.000000   0.015470 
 -0.309852   0.204140   0.284308  -0.211937   0.000000  -0.252388   0.081237   0.000122  -0.011418   0.015527   0.000000  -0.013121 
 -0.326460   0.192008   0.284783  -0.202942   0.000000  -0.290260  -0.016608  -0.012132   0.000475   0.008995   0.000000  -0.037872 
 -0.357096   0.189619   0.321912  -0.255367   0.000000  -0.295818  -0.030636  -0.002389   0.037129  -0.052425   0.000000  -0.005558 
 -0.445391   0.199216   0.346200  -0.289802   0.000000  -0.321028  -0.088295   0.009597   0.024288  -0.034435   0.000000  -0.025210 
 -0.460866   0.216782   0.364374  -0.294615   0.000000  -0.347212  -0.015475   0.017566   0.018174  -0.004813   0.000000  -0.026184 
 -0.369488   0.205321   0.326490  -0.262873   0.000000  -0.317591   0.091378  -0.011461  -0.037884   0.031742   0.000000   0.029621 
 -0.361295   0.209196   0.331014  -0.260524   0.000000  -0.324695   0.008193   0.003875   0.004524   0.002349   0.000000  -0.007104 
 -0.426297   0.207798   0.346856  -0.283958   0.000000  -0.355921  -0.065002  -0.001398   0.015842  -0.023434   0.000000  -0.031226 
 -0.461474   0.217229   0.339523  -0.278916   0.000000  -0.353515  -0.035177   0.009431  -0.007333   0.005042   0.000000   0.002406 
 -0.407857   0.219559   0.327281  -0.274676   0.000000  -0.353859   0.053617   0.002330  -0.012242   0.004240   0.000000  -0.000344 
 -0.402426   0.218432   0.332769  -0.271296  -0.032086  -0.384970   0.005431  -0.001127   0.005488   0.003380  -0.032086  -0.031111 
 -0.428574   0.213633   0.338637  -0.284760  -0.030080  -0.370990  -0.026148  -0.004799   0.005868  -0.013464   0.002006   0.013980 
 -0.488216   0.208408   0.374406  -0.320513  -0.047670  -0.397805  -0.059642  -0.005225   0.035769  -0.035753  -0.017590  -0.026815 
 -0.500649   0.212093   0.362519  -0.304642  -0.058957  -0.388924  -0.012433   0.003685  -0.011887   0.015871  -0.011287   0.008881 
 -0.399072   0.212730   0.359124  -0.299256  -0.044863  -0.380100   0.101577   0.000637  -0.003395   0.005386   0.014094   0.008824 
 -0.433302   0.219045   0.347746  -0.301490  -0.050248  -0.396200  -0.034230   0.006315  -0.011378  -0.002234  -0.005385  -0.016100 
 -0.480567   0.226815   0.341408  -0.275478  -0.041826  -0.415165  -0.047265   0.007770  -0.006338   0.026012   0.008422  -0.018965 
 -0.521014   0.230185   0.361708  -0.320684  -0.046581  -0.430463  -0.040447   0.003370   0.020300  -0.045206  -0.004755  -0.015298 
 -0.450397   0.221946   0.351117  -0.305959  -0.039706  -0.427025   0.070617  -0.008239  -0.010591   0.014725   0.006875   0.003438 
 -0.468114   0.229990   0.363262  -0.304699  -0.035294  -0.449829  -0.017717   0.008044   0.012145   0.001260   0.004412  -0.022804 
 -0.516917   0.229340   0.368204  -0.311059  -0.036727  -0.473263  -0.048803  -0.000650   0.004942  -0.006360  -0.001433  -0.023434 
 -0.574357   0.234184   0.362198  -0.313637  -0.044863  -0.505177  -0.057440   0.004844  -0.006006  -0.002578  -0.008136  -0.031914 
 -0.521424   0.234451   0.360247  -0.309225  -0.063770  -0.487931   0.052933   0.000267  -0.001951   0.004412  -0.018907   0.017246 
 -0.505790   0.227528   0.353850  -0.307335  -0.047842  -0.476414   0.015634  -0.006923  -0.006397   0.001890   0.015928   0.011517 
 -0.557324   0.226947   0.346282  -0.311001  -0.056666  -0.510792  -0.051534  -0.000581  -0.007568  -0.003666  -0.008824  -0.034378 
 -0.600834   0.229199   0.350180  -0.316903  -0.060161  -0.531934  -0.043510   0.002252   0.003898  -0.005902  -0.003495  -0.021142 
 -0.553492   0.225844   0.328819  -0.286479  -0.062223  -0.508042   0.047342  -0.003355  -0.021361   0.030424  -0.002062   0.023892 
 -0.538997   0.221187   0.340830  -0.277942  -0.061765  -0.521220   0.014495  -0.004657   0.012011   0.008537   0.000458  -0.013178 
 -0.543224   0.219191   0.346056  -0.289401  -0.049504  -0.540929  -0.004227  -0.001996   0.005226  -0.011459   0.012261  -0.019709 
 -0.598950   0.225718   0.357946  -0.307449  -0.055348  -0.529298  -0.055726   0.006527   0.011890  -0.018048  -0.005844   0.011631 
 -0.604884   0.233039   0.350753  -0.305730  -0.061879  -0.519444  -0.005934   0.007321  -0.007193   0.001719  -0.006531   0.009854 
 -0.554600   0.233636   0.351413  -0.295704  -0.059301  -0.557774   0.050284   0.000597   0.000660   0.010026   0.002578  -0.038330 
 -0.566228   0.225379   0.348105  -0.291578  -0.058041  -0.556399  -0.011628  -0.008257  -0.003308   0.004126   0.001260   0.001375 
 -0.620505   0.229651   0.350897  -0.302923  -0.059187  -0.557431  -0.054277   0.004272   0.002792  -0.011345  -0.001146  -0.001032 
 -0.670131   0.239741   0.357492  -0.308652  -0.061020  -0.565337  -0.049626   0.010090   0.006595  -0.005729  -0.001833  -0.007906 
 -0.578852   0.231236   0.339229  -0.283442  -0.059874  -0.583500   0.091279  -0.008505  -0.018263   0.025210   0.001146  -0.018163 
 -0.606242   0.223838   0.347877  -0.277827  -0.060734  -0.587282  -0.027390  -0.007398   0.008648   0.005615  -0.000860  -0.003782 
 -0.641772   0.220313   0.350505  -0.297938  -0.046696  -0.607966  -0.035530  -0.003525   0.002628  -0.020111   0.014038  -0.020684 
 -0.684976   0.232303   0.347981  -0.298225  -0.059187  -0.601090  -0.043204   0.011990  -0.002524  -0.000287  -0.012491   0.006876 
 -0.594084   0.211183   0.333909  -0.296620  -0.055921  -0.580578   0.090892  -0.021120  -0.014072   0.001605   0.003266   0.020512 
 -0.604862   0.223106   0.326122  -0.264936  -0.046925  -0.594787  -0.010778   0.011923  -0.007787   0.031684   0.008996  -0.014209 
 -0.681909   0.224245   0.341537  -0.281723  -0.036727  -0.631571  -0.077047   0.001139   0.015415  -0.016787   0.010198  -0.036784 
 -0.711652   0.236583   0.347758  -0.292610  -0.039248  -0.627217  -0.029743   0.012338   0.006221  -0.010887  -0.002521   0.004354 
 -0.615224   0.230768   0.322646  -0.268889  -0.046983  -0.596105   0.096428  -0.005815  -0.025112   0.023721  -0.007735   0.031112 
 -0.630489   0.226252   0.317455  -0.262988  -0.037414  -0.624066  -0.015265  -0.004516  -0.005191   0.005901   0.009569  -0.027961 
 -0.688227   0.227475   0.347026  -0.289573  -0.038274  -0.642801  -0.057738   0.001223   0.029571  -0.026585  -0.000860  -0.018735 
 -0.710845   0.236152   0.329791  -0.274561  -0.041310  -0.643432  -0.022618   0.008677  -0.017235   0.015012  -0.003036  -0.000631 
 -0.611105   0.215055   0.335624  -0.249294  -0.040737  -0.618107   0.099740  -0.021097   0.005833   0.025267   0.000573   0.025325 
 -0.658995   0.214623   0.336196  -0.249924  -0.033575  -0.643088  -0.047890  -0.000432   0.000572  -0.000630   0.007162  -0.024981 
 -0.715525   0.215156   0.340064  -0.271238   0.000000  -0.662912  -0.056530   0.000533   0.003868  -0.021314   0.033575  -0.019824 
 -0.744942   0.222723   0.349041  -0.278171   0.000000  -0.662511  -0.029417   0.007567   0.008977  -0.006933   0.000000   0.000401 
 -0.657308   0.221266   0.307818  -0.221219  -0.018621  -0.645208   0.087634  -0.001457  -0.041223   0.056952  -0.018621   0.017303 
 -0.634048   0.220854   0.347148  -0.236517   0.000000  -0.650708   0.023260  -0.000412   0.039330  -0.015298   0.018621  -0.005500 
 -0.727117   0.222536   0.345386  -0.235658  -0.044920  -0.664173  -0.093069   0.001682  -0.001762   0.000859  -0.044920  -0.013465 
 -0.739646   0.223603   0.361390  -0.283385   0.000000  -0.661537  -0.012529   0.001067   0.016004  -0.047727   0.044920   0.002636 
 -0.658853   0.228478   0.342437  -0.221849  -0.013407  -0.657756   0.080793   0.004875  -0.018953   0.061536  -0.013407   0.003781 
 -0.660118   0.212767   0.352247  -0.221047   0.000000  -0.663256  -0.001265  -0.015711   0.009810   0.000802   0.013407  -0.005500 
 -0.697593   0.216802   0.346120  -0.221849  -0.015241  -0.671507  -0.037475   0.004035  -0.006127  -0.000802  -0.015241  -0.008251 
 -0.801897   0.217597   0.352933  -0.274504  -0.008652  -0.679814  -0.104304   0.000795   0.006813  -0.052655   0.006589  -0.008307 
 -0.714891   0.227795   0.336842  -0.231074  -0.017303  -0.659016   0.087006   0.010198  -0.016091   0.043430  -0.008651   0.020798 
 -0.663408   0.223387   0.329964  -0.212911  -0.012204  -0.656037   0.051483  -0.004408  -0.006878   0.018163   0.005099   0.002979 
 -0.707534   0.226086   0.316079  -0.196066  -0.003953  -0.670876  -0.044126   0.002699  -0.013885   0.016845   0.008251  -0.014839 
 -0.764423   0.229042   0.338832  -0.229985  -0.005844  -0.668470  -0.056889   0.002956   0.022753  -0.033919  -0.001891   0.002406 
 -0.760299   0.231299   0.336673  -0.216292  -0.032315  -0.654089   0.004124   0.002257  -0.002159   0.013693  -0.026471   0.014381 
 -0.668653   0.223503   0.324257  -0.196295  -0.023778  -0.648703   0.091646  -0.007796  -0.012416   0.019997   0.008537   0.005386 
 -0.635143   0.219639   0.338953  -0.212625  -0.044633  -0.636327   0.033510  -0.003864   0.014696  -0.016330  -0.020855   0.012376 
 -0.716125   0.225623   0.366679  -0.226490  -0.059530  -0.661365  -0.080982   0.005984   0.027726  -0.013865  -0.014897  -0.025038 
 -0.728128   0.228831   0.342086  -0.218469  -0.043889  -0.653057  -0.012003   0.003208  -0.024593   0.008021   0.015641   0.008308 
 -0.648389   0.226979   0.326999  -0.182945  -0.032773  -0.641025   0.079739  -0.001852  -0.015087   0.035524   0.011116   0.012032 
 -0.636377   0.219679   0.349681  -0.185524  -0.041310  -0.664287   0.012012  -0.007300   0.022682  -0.002579  -0.008537  -0.023262 
 -0.723629   0.222325   0.352600  -0.200020  -0.053170  -0.662969  -0.087252   0.002646   0.002919  -0.014496  -0.011860   0.001318 
 -0.782327   0.231516   0.365309  -0.224485  -0.052483  -0.669673  -0.058698   0.009191   0.012709  -0.024465   0.000687  -0.006704 
 -0.677344   0.232340   0.334891  -0.206437  -0.035294  -0.661021   0.104983   0.000824  -0.030418   0.018048   0.017189   0.008652 
 -0.705316   0.217368   0.354211  -0.230845   0.000000  -0.698034  -0.027972  -0.014972   0.019320  -0.024408   0.035294  -0.037013 
 -0.757157   0.220531   0.333174  -0.226949  -0.046238  -0.714364  -0.051841   0.003163  -0.021037   0.003896  -0.046238  -0.016330 
 -0.786734   0.241715   0.351431  -0.239153  -0.050191  -0.706285  -0.029577   0.021184   0.018257  -0.012204  -0.003953   0.008079 
 -0.695001   0.230173   0.334343  -0.222136  -0.038388  -0.697748   0.091733  -0.011542  -0.017088   0.017017   0.011803   0.008537 
 -0.680983   0.236583   0.340023  -0.169710  -0.034607  -0.712588   0.014018   0.006410   0.005680   0.052426   0.003781  -0.014840 
 -0.748725   0.233924   0.351062  -0.174179  -0.043831  -0.737912  -0.067742  -0.002659   0.011039  -0.004469  -0.009224  -0.025324 
 -0.805782   0.239376   0.360000  -0.192800  -0.039591  -0.745303  -0.057057   0.005452   0.008938  -0.018621   0.004240  -0.007391 
 -0.814306   0.239742   0.351495  -0.187013  -0.044404  -0.740777  -0.008524   0.000366  -0.008505   0.005787  -0.004813   0.004526 
 -0.768470   0.230232   0.349744  -0.175612  -0.033346  -0.746679   0.045836  -0.009510  -0.001751   0.011401   0.011058  -0.005902 
 -0.792295   0.232847   0.348852  -0.159282  -0.031455  -0.764784  -0.023825   0.002615  -0.000892   0.016330   0.001891  -0.018105 
 -0.839235   0.233045   0.372621  -0.183232  -0.025669  -0.773608  -0.046940   0.000198   0.023769  -0.023950   0.005786  -0.008824 
 -0.849861   0.237577   0.361571  -0.187586  -0.038617  -0.761346  -0.010626   0.004532  -0.011050  -0.004354  -0.012948   0.012262 
 -0.745146   0.233114   0.353210  -0.198702  -0.039362  -0.754242   0.104715  -0.004463  -0.008361  -0.011116  -0.000745   0.007104 
 -0.772805   0.232124   0.343772  -0.193087  -0.028476  -0.763409  -0.027659  -0.000990  -0.009438   0.005615   0.010886  -0.009167 
 -0.811686   0.231307   0.357852  -0.215661  -0.034320  -0.768508  -0.038881  -0.000817   0.014080  -0.022574  -0.005844  -0.005099 
 -0.843053   0.233268   0.345457  -0.219672  -0.054546  -0.773665  -0.031367   0.001961  -0.012395  -0.004011  -0.020226  -0.005157 
 -0.751461   0.237197   0.379107  -0.212797  -0.045206  -0.752695   0.091592   0.003929   0.033650   0.006875   0.009340   0.020970 
 -0.778367   0.227871   0.364750  -0.185180  -0.023663  -0.770342  -0.026906  -0.009326  -0.014357   0.027617   0.021543  -0.017647 
 -0.829333   0.225700   0.351821  -0.202655  -0.041253  -0.795552  -0.050966  -0.002171  -0.012929  -0.017475  -0.017590  -0.025210 
 -0.882029   0.226999   0.348929  -0.195092  -0.040565  -0.815835  -0.052696   0.001299  -0.002892   0.007563   0.000688  -0.020283 
