 -0.021820   0.131797   0.094171  -0.048358  -0.051566   0.127770   0.000000   0.000000   0.000000   0.000000   0.000000   0.000000 
  0.013874   0.125100   0.115926   0.000000  -0.061249   0.108289   0.035694  -0.006697   0.021755   0.048358  -0.009683  -0.019481 
 -0.030639   0.121884   0.115112  -0.032716  -0.053285   0.136650  -0.044513  -0.003216  -0.000814  -0.032716   0.007964   0.028361 
 -0.105403   0.130722   0.133654  -0.048472  -0.092132   0.054374  -0.074764   0.008838   0.018542  -0.015756  -0.038847  -0.082276 
 -0.008942   0.138547   0.134285  -0.061822   0.000000   0.102158   0.096461   0.007825   0.000631  -0.013350   0.092132   0.047784 
 -0.023682   0.172259   0.125724  -0.070760   0.000000   0.111383  -0.014740   0.033712  -0.008561  -0.008938   0.000000   0.009225 
 -0.047037   0.178542   0.123763  -0.038503   0.000000   0.092819  -0.023355   0.006283  -0.001961   0.032257   0.000000  -0.018564 
 -0.130496   0.146407   0.138152  -0.044633  -0.088178   0.106112  -0.083459  -0.032135   0.014389  -0.006130  -0.088178   0.013293 
 -0.048579   0.187144   0.123429  -0.024408  -0.079011   0.069385   0.081917   0.040737  -0.014723   0.020225   0.009167  -0.036727 
  0.008319   0.156438   0.113244  -0.030596   0.000000   0.073052   0.056898  -0.030706  -0.010185  -0.006188   0.079011   0.003667 
  0.008055   0.166174   0.122297  -0.037987   0.000000   0.054775  -0.000264   0.009736   0.009053  -0.007391   0.000000  -0.018277 
  0.010899   0.143248   0.084159  -0.007219   0.000000   0.045607   0.002844  -0.022926  -0.038138   0.030768   0.000000  -0.009168 
  0.005498   0.117897   0.092614   0.000000   0.000000   0.048472  -0.005401  -0.025351   0.008455   0.007219   0.000000   0.002865 
 -0.071260   0.146048   0.092708  -0.039591   0.000000   0.049847  -0.076758   0.028151   0.000094  -0.039591   0.000000   0.001375 
 -0.151933   0.156577   0.096316   0.000000  -0.060905   0.057296  -0.080673   0.010529   0.003608   0.039591  -0.060905   0.007449 
 -0.086673   0.153337   0.096935   0.000000   0.000000   0.030481   0.065260  -0.003240   0.000619   0.000000   0.060905  -0.026815 
 -0.016847   0.148317   0.109473   0.000000   0.000000   0.031341   0.069826  -0.005020   0.012538   0.000000   0.000000   0.000860 
 -0.044537   0.136712   0.066652   0.040164   0.000000   0.057926  -0.027690  -0.011605  -0.042821   0.040164   0.000000   0.026585 
 -0.065253   0.161489   0.074250   0.034377   0.000000   0.030309  -0.020716   0.024777   0.007598  -0.005787   0.000000  -0.027617 
 -0.137838   0.151338   0.126860   0.000000   0.000000   0.028820  -0.072585  -0.010151   0.052610  -0.034377   0.000000  -0.001489 
 -0.121583   0.149028   0.096114   0.000000   0.000000   0.043086   0.016255  -0.002310  -0.030746   0.000000   0.000000   0.014266 
 -0.012069   0.143812   0.090785   0.000000   0.000000   0.123702   0.109514  -0.005216  -0.005329   0.000000   0.000000   0.080616 
 -0.026886   0.126502   0.142160   0.000000   0.000000   0.013866  -0.014817  -0.017310   0.051375   0.000000   0.000000  -0.109836 
 -0.024940   0.143242   0.099485   0.000000  -0.005959   0.014668   0.001946   0.016740  -0.042675   0.000000  -0.005959   0.000802 
 -0.155133   0.133409   0.078619   0.000000   0.000000   0.000000  -0.130193  -0.009833  -0.020866   0.000000   0.005959  -0.014668 
 -0.217248   0.092096  -0.051563   0.056494   0.000000   0.000000  -0.062115  -0.041313  -0.130182   0.056494   0.000000   0.000000 
 -0.120704   0.131723  -0.039918   0.057525   0.000000  -0.003209   0.096544   0.039627   0.011645   0.001031   0.000000  -0.003209 
 -0.129975   0.112184  -0.032646   0.062109   0.066692   0.006073  -0.009271  -0.019539   0.007272   0.004584   0.066692   0.009282 
 -0.153677   0.079725  -0.052991   0.057811   0.092074   0.000000  -0.023702  -0.032459  -0.020345  -0.004298   0.025382  -0.006073 
 -0.156123   0.074288  -0.079491   0.079641   0.076834   0.000000  -0.002446  -0.005437  -0.026500   0.021830  -0.015240   0.000000 
 -0.211238   0.100630  -0.011530   0.082506   0.076891   0.000000  -0.055115   0.026342   0.067961   0.002865   0.000057   0.000000 
 -0.232999   0.112915   0.006085   0.067036   0.063885   0.000000  -0.021761   0.012285   0.017615  -0.015470  -0.013006   0.000000 
 -0.146483   0.123355  -0.026016   0.045264   0.072938   0.000000   0.086516   0.010440  -0.032101  -0.021772   0.009053   0.000000 
 -0.133205   0.114596  -0.048315   0.051165   0.097575  -0.023319   0.013278  -0.008759  -0.022299   0.005901   0.024637  -0.023319 
 -0.133550   0.119791  -0.039315   0.053743   0.118660   0.000000  -0.000345   0.005195   0.009000   0.002578   0.021085   0.023319 
 -0.150369   0.129081  -0.031792   0.063197   0.096715   0.000000  -0.016819   0.009290   0.007523   0.009454  -0.021945   0.000000 
 -0.199900   0.120739  -0.036845   0.049045   0.092361  -0.024236  -0.049531  -0.008342  -0.005053  -0.014152  -0.004354  -0.024236 
 -0.259546   0.109891  -0.023470   0.085199   0.101356  -0.057582  -0.059646  -0.010848   0.013375   0.036154   0.008995  -0.033346 
 -0.163297   0.133362  -0.046024   0.115508   0.053629  -0.014095   0.096249   0.023471  -0.022554   0.030309  -0.047727   0.043487 
 -0.152825   0.127836  -0.026505   0.061765   0.134187  -0.044977   0.010472  -0.005526   0.019519  -0.053743   0.080558  -0.030882 
 -0.187742   0.108204  -0.058133   0.064973   0.143984  -0.048071  -0.034917  -0.019632  -0.031628   0.003208   0.009797  -0.003094 
 -0.185858   0.077159  -0.041768   0.064687   0.146333  -0.065718   0.001884  -0.031045   0.016365  -0.000286   0.002349  -0.017647 
 -0.230667   0.146505  -0.023880   0.086689   0.129947  -0.076089  -0.044809   0.069346   0.017888   0.022002  -0.016386  -0.010371 
 -0.283384   0.116252   0.000165   0.077292   0.120665  -0.087892  -0.052717  -0.030253   0.024045  -0.009397  -0.009282  -0.011803 
 -0.189033   0.126221  -0.057792   0.046009   0.092762  -0.084397   0.094351   0.009969  -0.057957  -0.031283  -0.027903   0.003495 
 -0.153881   0.114160  -0.043040   0.078323   0.096715  -0.077177   0.035152  -0.012061   0.014752   0.032314   0.003953   0.007220 
 -0.139860   0.113674  -0.040432   0.062796   0.123873  -0.062853   0.014021  -0.000486   0.002608  -0.015527   0.027158   0.014324 
 -0.157097   0.110342  -0.030044   0.067895   0.119691  -0.072880  -0.017237  -0.003332   0.010388   0.005099  -0.004182  -0.010027 
 -0.256119   0.117459  -0.013734   0.109779   0.125707  -0.091673  -0.099022   0.007117   0.016310   0.041884   0.006016  -0.018793 
 -0.278511   0.123057  -0.017535   0.050821   0.128113  -0.085944  -0.022392   0.005598  -0.003801  -0.058958   0.002406   0.005729 
 -0.232578   0.090157  -0.043892   0.059244   0.092647  -0.088866   0.045933  -0.032900  -0.026357   0.008423  -0.035466  -0.002922 
 -0.160972   0.118101  -0.046902   0.090585   0.115566  -0.077235   0.071606   0.027944  -0.003010   0.031341   0.022919   0.011631 
 -0.168315   0.107761  -0.054566   0.088178   0.146677  -0.081245  -0.007343  -0.010340  -0.007664  -0.002407   0.031111  -0.004010 
 -0.188841   0.094885  -0.052644   0.083079   0.154469  -0.086001  -0.020526  -0.012876   0.001922  -0.005099   0.007792  -0.004756 
 -0.256262   0.078353  -0.029728   0.065718   0.144729  -0.105252  -0.067421  -0.016532   0.022916  -0.017361  -0.009740  -0.019251 
 -0.289603   0.082339  -0.050117   0.041253   0.127884  -0.098549  -0.033341   0.003986  -0.020389  -0.024465  -0.016845   0.006703 
 -0.285525   0.073337  -0.059835   0.008021   0.111612  -0.119175   0.004078  -0.009002  -0.009718  -0.033232  -0.016272  -0.020626 
 -0.210751   0.091250  -0.091900   0.008193   0.159569  -0.173606   0.074774   0.017913  -0.032065   0.000172   0.047957  -0.054431 
 -0.287663   0.121345  -0.053471   0.000000   0.180482  -0.199160  -0.076912   0.030095   0.038429  -0.008193   0.020913  -0.025554 
 -0.361620   0.094779  -0.065505   0.012777   0.106799  -0.201452  -0.073957  -0.026566  -0.012034   0.012777  -0.073683  -0.002292 
 -0.286735   0.074715  -0.100327   0.035237   0.140260  -0.179278   0.074885  -0.020064  -0.034822   0.022460   0.033461   0.022174 
 -0.190484   0.104837  -0.129392   0.040451   0.156876  -0.174981   0.096251   0.030122  -0.029065   0.005214   0.016616   0.004297 
 -0.189148   0.099927  -0.113749   0.036268   0.162032  -0.168793   0.001336  -0.004910   0.015643  -0.004183   0.005156   0.006188 
 -0.194869   0.095854  -0.108117   0.060390   0.176471  -0.173549  -0.005721  -0.004073   0.005632   0.024122   0.014439  -0.004756 
 -0.297156   0.057803  -0.091852   0.059473   0.170913  -0.198014  -0.102287  -0.038051   0.016265  -0.000917  -0.005558  -0.024465 
 -0.302281   0.101590  -0.125203   0.061822   0.160887  -0.174924  -0.005125   0.043787  -0.033351   0.002349  -0.010026   0.023090 
 -0.252649   0.058589  -0.120241   0.077006   0.137796  -0.134473   0.049632  -0.043001   0.004962   0.015184  -0.023091   0.040451 
 -0.264805   0.054513  -0.143732   0.046066   0.161173  -0.146276  -0.012156  -0.004076  -0.023491  -0.030940   0.023377  -0.011803 
 -0.176331   0.054113  -0.137339   0.062051   0.159626  -0.139859   0.088474  -0.000400   0.006393   0.015985  -0.001547   0.006417 
 -0.161421   0.042626  -0.135249   0.049962   0.182544  -0.154928   0.014910  -0.011487   0.002090  -0.012089   0.022918  -0.015069 
 -0.213127   0.045166  -0.114353   0.070359   0.183748  -0.122498  -0.051706   0.002540   0.020896   0.020397   0.001204   0.032430 
 -0.312317   0.040533  -0.138042   0.057983   0.128400  -0.158423  -0.099190  -0.004633  -0.023689  -0.012376  -0.055348  -0.035925 
 -0.301107   0.039361  -0.123806   0.038560   0.148683  -0.154183   0.011210  -0.001172   0.014236  -0.019423   0.020283   0.004240 
 -0.197238   0.053651  -0.122324   0.061421   0.172403  -0.140145   0.103869   0.014290   0.001482   0.022861   0.023720   0.014038 
 -0.173225   0.054275  -0.131166   0.083652   0.178476  -0.122384   0.024013   0.000624  -0.008842   0.022231   0.006073   0.017761 
 -0.186934   0.054968  -0.117408   0.086918   0.186154  -0.132411  -0.013709   0.000693   0.013758   0.003266   0.007678  -0.010027 
 -0.185422   0.054565  -0.104640   0.095168   0.162605  -0.120207   0.001512  -0.000403   0.012768   0.008250  -0.023549   0.012204 
 -0.261151   0.059886  -0.080861   0.079297   0.170570  -0.136708  -0.075729   0.005321   0.023779  -0.015871   0.007965  -0.016501 
 -0.313229   0.062641  -0.096754   0.092876   0.129890  -0.157277  -0.052078   0.002755  -0.015893   0.013579  -0.040680  -0.020569 
 -0.208243   0.061081  -0.145253   0.085027   0.139916  -0.134244   0.104986  -0.001560  -0.048499  -0.007849   0.010026   0.023033 
 -0.164870   0.060034  -0.134166   0.068067   0.188904  -0.141922   0.043373  -0.001047   0.011087  -0.016960   0.048988  -0.007678 
 -0.168958   0.053612  -0.120343   0.069213   0.167934  -0.140432  -0.004088  -0.006422   0.013823   0.001146  -0.020970   0.001490 
 -0.221079   0.053849  -0.102914   0.082735   0.200822  -0.145474  -0.052121   0.000237   0.017429   0.013522   0.032888  -0.005042 
 -0.295089   0.053398  -0.127930   0.071849   0.159282  -0.160715  -0.074010  -0.000451  -0.025016  -0.010886  -0.041540  -0.015241 
 -0.243612   0.060675  -0.154389   0.077521   0.146104  -0.130577   0.051477   0.007277  -0.026459   0.005672  -0.013178   0.030138 
 -0.193117   0.054916  -0.140248   0.090871   0.184435  -0.140718   0.050495  -0.005759   0.014141   0.013350   0.038331  -0.010141 
 -0.193379   0.077511  -0.150099   0.108518   0.174981  -0.141120  -0.000262   0.022595  -0.009851   0.017647  -0.009454  -0.000402 
 -0.229265   0.047018  -0.147743   0.106570   0.199447  -0.119003  -0.035886  -0.030493   0.002356  -0.001948   0.024466   0.022117 
 -0.317668   0.048243  -0.137152   0.074943   0.155845  -0.149256  -0.088403   0.001225   0.010591  -0.031627  -0.043602  -0.030253 
 -0.288573   0.046900  -0.150536   0.072766   0.178304  -0.167132   0.029095  -0.001343  -0.013384  -0.002177   0.022459  -0.017876 
 -0.207923   0.051067  -0.164556   0.102789   0.158996  -0.147537   0.080650   0.004167  -0.014020   0.030023  -0.019308   0.019595 
 -0.186501   0.074744  -0.150919   0.101299   0.169366  -0.129087   0.021422   0.023677   0.013637  -0.001490   0.010370   0.018450 
 -0.203673   0.049830  -0.135965   0.107143   0.203973  -0.141521  -0.017172  -0.024914   0.014954   0.005844   0.034607  -0.012434 
 -0.242657   0.086458  -0.119975   0.126967   0.146563  -0.117857  -0.038984   0.036628   0.015990   0.019824  -0.057410   0.023664 
 -0.274360   0.076372  -0.110831   0.115737   0.113904  -0.130692  -0.031703  -0.010086   0.009144  -0.011230  -0.032659  -0.012835 
 -0.202314   0.069108  -0.133060   0.132411   0.136708  -0.131322   0.072046  -0.007264  -0.022229   0.016674   0.022804  -0.000630 
 -0.127020   0.054564  -0.144247   0.090527   0.179393  -0.136536   0.075294  -0.014544  -0.011187  -0.041884   0.042685  -0.005214 
 -0.139380   0.046099  -0.150895   0.101356   0.196066  -0.137911  -0.012360  -0.008465  -0.006648   0.010829   0.016673  -0.001375 
 -0.177175   0.046058  -0.159536   0.140776   0.190451  -0.145245  -0.037795  -0.000041  -0.008641   0.039420  -0.005615  -0.007334 
 -0.286620   0.041188  -0.141843   0.086001   0.187644  -0.162605  -0.109445  -0.004870   0.017693  -0.054775  -0.002807  -0.017360 
 -0.275917   0.059190  -0.190872   0.139974   0.164095  -0.148568   0.010703   0.018002  -0.049029   0.053973  -0.023549   0.014037 
 -0.182349   0.058360  -0.197696   0.158537   0.188675  -0.141692   0.093568  -0.000830  -0.006824   0.018563   0.024580   0.006876 
 -0.174351   0.047495  -0.191780   0.153839   0.202942  -0.138197   0.007998  -0.010865   0.005916  -0.004698   0.014267   0.003495 
 -0.191576   0.037440  -0.195532   0.128858   0.219099  -0.131150  -0.017225  -0.010055  -0.003752  -0.024981   0.016157   0.007047 
 -0.204950   0.036664  -0.186728   0.153553   0.221964  -0.158079  -0.013374  -0.000776   0.008804   0.024695   0.002865  -0.026929 
 -0.251020   0.041809  -0.178105   0.153266   0.218412  -0.143641  -0.046070   0.005145   0.008623  -0.000287  -0.003552   0.014438 
 -0.315410   0.047508  -0.149188   0.117628   0.214114  -0.183289  -0.064390   0.005699   0.028917  -0.035638  -0.004298  -0.039648 
 -0.265958   0.049708  -0.201416   0.147880   0.192800  -0.139974   0.049452   0.002200  -0.052228   0.030252  -0.021314   0.043315 
 -0.191946   0.043471  -0.210845   0.156589   0.232621  -0.138828   0.074012  -0.006237  -0.009429   0.008709   0.039821   0.001146 
 -0.152895   0.042447  -0.209404   0.133958   0.243908  -0.142151   0.039051  -0.001024   0.001441  -0.022631   0.011287  -0.003323 
 -0.196150   0.043070  -0.177718   0.178304   0.252044  -0.152120  -0.043255   0.000623   0.031686   0.044346   0.008136  -0.009969 
 -0.220199   0.037763  -0.173484   0.173549   0.250440  -0.148167  -0.024049  -0.005307   0.004234  -0.004755  -0.001604   0.003953 
 -0.295512   0.035789  -0.179340   0.148740   0.229470  -0.147938  -0.075313  -0.001974  -0.005856  -0.024809  -0.020970   0.000229 
 -0.275196   0.040517  -0.215534   0.135046   0.223912  -0.135505   0.020316   0.004728  -0.036194  -0.013694  -0.005558   0.012433 
 -0.214471   0.036204  -0.223186   0.150917   0.221792  -0.140661   0.060725  -0.004313  -0.007652   0.015871  -0.002120  -0.005156 
 -0.237758   0.024714  -0.224154   0.148969   0.234512  -0.145818  -0.023287  -0.011490  -0.000968  -0.001948   0.012720  -0.005157 
 -0.254670   0.017036  -0.217273   0.147995   0.237090  -0.148339  -0.016912  -0.007678   0.006881  -0.000974   0.002578  -0.002521 
 -0.280572   0.019169  -0.210275   0.153094   0.264076  -0.156074  -0.025902   0.002133   0.006998   0.005099   0.026986  -0.007735 
 -0.319842   0.016893  -0.197811   0.149427   0.247346  -0.171830  -0.039270  -0.002276   0.012464  -0.003667  -0.016730  -0.015756 
 -0.289260   0.018532  -0.241087   0.144615   0.216807  -0.177273   0.030582   0.001639  -0.043276  -0.004812  -0.030539  -0.005443 
 -0.201946   0.011516  -0.270788   0.137109   0.250726  -0.180539   0.087314  -0.007016  -0.029701  -0.007506   0.033919  -0.003266 
 -0.166065   0.012690  -0.262927   0.150860   0.270150  -0.180310   0.035881   0.001174   0.007861   0.013751   0.019424   0.000229 
 -0.219719   0.003850  -0.233203   0.132124   0.277082  -0.188446  -0.053654  -0.008840   0.029724  -0.018736   0.006932  -0.008136 
 -0.286015   0.013660  -0.229527   0.180138   0.276338  -0.184492  -0.066296   0.009810   0.003676   0.048014  -0.000744   0.003954 
 -0.324923   0.024561  -0.247811   0.160371   0.236517  -0.200879  -0.038908   0.010901  -0.018284  -0.019767  -0.039821  -0.016387 
 -0.285467   0.014039  -0.269387   0.146563   0.234855  -0.189133   0.039456  -0.010522  -0.021576  -0.013808  -0.001662   0.011746 
 -0.246866   0.010725  -0.269724   0.156074   0.282869  -0.197040   0.038601  -0.003314  -0.000337   0.009511   0.048014  -0.007907 
 -0.254716   0.002662  -0.258401   0.188961   0.306647  -0.199160  -0.007850  -0.008063   0.011323   0.032887   0.023778  -0.002120 
 -0.287722   0.000901  -0.265536   0.160428   0.275994  -0.230329  -0.033006  -0.001761  -0.007135  -0.028533  -0.030653  -0.031169 
 -0.337804   0.000334  -0.243250   0.144786   0.293183  -0.249523  -0.050082  -0.000567   0.022286  -0.015642   0.017189  -0.019194 
 -0.320144   0.000152  -0.245702   0.134244   0.271467  -0.245398   0.017660  -0.000182  -0.002452  -0.010542  -0.021716   0.004125 
 -0.237561   0.013769  -0.280197   0.186097   0.296105  -0.218755   0.082583   0.013617  -0.034495   0.051853   0.024638   0.026643 
 -0.192589   0.008585  -0.280243   0.189649   0.309741  -0.203572   0.044972  -0.005184  -0.000046   0.003552   0.013636   0.015183 
 -0.215571   0.011245  -0.239531   0.164095   0.309512  -0.167189  -0.022982   0.002660   0.040712  -0.025554  -0.000229   0.036383 
 -0.293590   0.001396  -0.173992   0.149370   0.267170  -0.187300  -0.078019  -0.009849   0.065539  -0.014725  -0.042342  -0.020111 
 -0.353927   0.040710  -0.151710   0.147537   0.224370  -0.166673  -0.060337   0.039314   0.022282  -0.001833  -0.042800   0.020627 
 -0.260544   0.042463  -0.193588   0.188217   0.258519  -0.136536   0.093383   0.001753  -0.041878   0.040680   0.034149   0.030137 
 -0.275886   0.034020  -0.208796   0.189649   0.254279  -0.166215  -0.015342  -0.008443  -0.015208   0.001432  -0.004240  -0.029679 
 -0.193673   0.033659  -0.200764   0.197957   0.278228  -0.165642   0.082213  -0.000361   0.008032   0.008308   0.023949   0.000573 
 -0.150535   0.030410  -0.171194   0.199447   0.303725  -0.156417   0.043138  -0.003249   0.029570   0.001490   0.025497   0.009225 
 -0.196476   0.032097  -0.173499   0.224141   0.304527  -0.171142  -0.045941   0.001687  -0.002305   0.024694   0.000802  -0.014725 
 -0.323778   0.017108  -0.154591   0.157277   0.285562  -0.189477  -0.127302  -0.014989   0.018908  -0.066864  -0.018965  -0.018335 
 -0.310651   0.036721  -0.195336   0.197212   0.284302  -0.176872   0.013127   0.019613  -0.040745   0.039935  -0.001260   0.012605 
 -0.201908   0.028326  -0.196286   0.178018   0.305215  -0.185696   0.108743  -0.008395  -0.000950  -0.019194   0.020913  -0.008824 
 -0.202908   0.024285  -0.219226   0.206895   0.361479  -0.170512  -0.001000  -0.004041  -0.022940   0.028877   0.056264   0.015184 
 -0.219824  -0.008598  -0.211303   0.178648   0.373970  -0.190394  -0.016916  -0.032883   0.007923  -0.028247   0.012491  -0.019882 
 -0.294054   0.001940  -0.192821   0.186555   0.349905  -0.199504  -0.074230   0.010538   0.018482   0.007907  -0.024065  -0.009110 
 -0.355722   0.037160  -0.178203   0.180482   0.317132  -0.187873  -0.061668   0.035220   0.014618  -0.006073  -0.032773   0.011631 
 -0.264838   0.036618  -0.176614   0.156417   0.305215  -0.187758   0.090884  -0.000542   0.001589  -0.024065  -0.011917   0.000115 
 -0.178384   0.037735  -0.195661   0.200306   0.351567  -0.182544   0.086454   0.001117  -0.019047   0.043889   0.046352   0.005214 
 -0.196286   0.026709  -0.180470   0.176987   0.366636  -0.187987  -0.017902  -0.011026   0.015191  -0.023319   0.015069  -0.005443 
 -0.197655   0.026254  -0.171480   0.186383   0.365318  -0.191597  -0.001369  -0.000455   0.008990   0.009396  -0.001318  -0.003610 
 -0.278263   0.026885  -0.153688   0.179278   0.357869  -0.199561  -0.080608   0.000631   0.017792  -0.007105  -0.007449  -0.007964 
 -0.352657   0.042890  -0.167290   0.201567   0.332029  -0.234626  -0.074394   0.016005  -0.013602   0.022289  -0.025840  -0.035065 
 -0.281270   0.041499  -0.176767   0.183060   0.330196  -0.219099   0.071387  -0.001391  -0.009477  -0.018507  -0.001833   0.015527 
 -0.218439   0.041962  -0.193853   0.203973   0.345035  -0.201280   0.062831   0.000463  -0.017086   0.020913   0.014839   0.017819 
 -0.218074   0.011038  -0.170694   0.191482   0.368985  -0.206437   0.000365  -0.030924   0.023159  -0.012491   0.023950  -0.005157 
 -0.228456   0.030456  -0.187013   0.230845   0.362281  -0.205463  -0.010382   0.019418  -0.016319   0.039363  -0.006704   0.000974 
 -0.297424   0.038009  -0.142903   0.180596   0.349733  -0.225001  -0.068968   0.007553   0.044110  -0.050249  -0.012548  -0.019538 
 -0.338930   0.068068  -0.155786   0.195894   0.330883  -0.181800  -0.041506   0.030059  -0.012883   0.015298  -0.018850   0.043201 
 -0.228082   0.079889  -0.173162   0.204603   0.329565  -0.188904   0.110848   0.011821  -0.017376   0.008709  -0.001318  -0.007104 
 -0.147574   0.070626  -0.166849   0.194347   0.332831  -0.190566   0.080508  -0.009263   0.006313  -0.010256   0.003266  -0.001662 
 -0.193554   0.065920  -0.147411   0.201567   0.347041  -0.215146  -0.045980  -0.004706   0.019438   0.007220   0.014210  -0.024580 
 -0.219952   0.057243  -0.179913   0.240585   0.396372  -0.207583  -0.026398  -0.008677  -0.032502   0.039018   0.049331   0.007563 
 -0.274368   0.048814  -0.159865   0.198243   0.393278  -0.217781  -0.054416  -0.008429   0.020048  -0.042342  -0.003094  -0.010198 
 -0.363152   0.024553  -0.116744   0.206838   0.384283  -0.243794  -0.088784  -0.024261   0.043121   0.008595  -0.008995  -0.026013 
 -0.378253   0.053435  -0.126227   0.179393   0.364287  -0.245684  -0.015101   0.028882  -0.009483  -0.027445  -0.019996  -0.001890 
 -0.291881   0.055482  -0.159920   0.191081   0.375975  -0.224141   0.086372   0.002047  -0.033693   0.011688   0.011688   0.021543 
 -0.253318   0.052677  -0.169700   0.227235   0.399581  -0.219672   0.038563  -0.002805  -0.009780   0.036154   0.023606   0.004469 
 -0.256427   0.027446  -0.153092   0.218412   0.376319  -0.237434  -0.003109  -0.025231   0.016608  -0.008823  -0.023262  -0.017762 
 -0.257821   0.040511  -0.162159   0.232907   0.373225  -0.232907  -0.001394   0.013065  -0.009067   0.014495  -0.003094   0.004527 
 -0.284590   0.039942  -0.141042   0.193889   0.389210  -0.233652  -0.026769  -0.000569   0.021117  -0.039018   0.015985  -0.000745 
 -0.334759   0.045155  -0.136701   0.185237   0.379470  -0.255711  -0.050169   0.005213   0.004341  -0.008652  -0.009740  -0.022059 
 -0.286671   0.048989  -0.163570   0.191712   0.399065  -0.235829   0.048088   0.003834  -0.026869   0.006475   0.019595   0.019882 
 -0.254801   0.044414  -0.189728   0.233996   0.430864  -0.232735   0.031870  -0.004575  -0.026158   0.042284   0.031799   0.003094 
 -0.275267   0.026056  -0.200834   0.208900   0.407774  -0.238121  -0.020466  -0.018358  -0.011106  -0.025096  -0.023090  -0.005386 
