  0.079961   0.121807   0.177908  -0.031398   0.000000   0.000000   0.000000   0.000000   0.000000   0.000000   0.000000   0.000000 
  0.096722   0.121600   0.201506  -0.040336  -0.056608   0.000000   0.016761  -0.000207   0.023598  -0.008938  -0.056608   0.000000 
  0.077337   0.126581   0.177246  -0.051222  -0.057525   0.029565  -0.019385   0.004981  -0.024260  -0.010886  -0.000917   0.029565 
 -0.063648   0.119881   0.228202  -0.048816  -0.098893   0.047097  -0.140985  -0.006700   0.050956   0.002406  -0.041368   0.017532 
  0.150367   0.134840   0.182829  -0.093679  -0.046811   0.000000   0.214015   0.014959  -0.045373  -0.044863   0.052082  -0.047097 
  0.181060   0.111464   0.181079  -0.064973  -0.030768   0.000000   0.030693  -0.023376  -0.001750   0.028706   0.016043   0.000000 
  0.109194   0.135798   0.192235  -0.098033  -0.057525   0.000000  -0.071866   0.024334   0.011156  -0.033060  -0.026757   0.000000 
 -0.113118   0.143461   0.255468  -0.083652  -0.098606   0.062796  -0.222312   0.007663   0.063233   0.014381  -0.041081   0.062796 
 -0.053355   0.138385   0.236941  -0.111555  -0.118946   0.156417   0.059763  -0.005076  -0.018527  -0.027903  -0.020340   0.093621 
  0.204702   0.128562   0.208287  -0.104851  -0.050936   0.000000   0.258057  -0.009823  -0.028654   0.006704   0.068010  -0.156417 
  0.212379   0.139134   0.211149  -0.083938  -0.038331   0.045321   0.007677   0.010572   0.002862   0.020913   0.012605   0.045321 
  0.132070   0.149347   0.218853  -0.085256  -0.042399   0.000000  -0.080309   0.010213   0.007704  -0.001318  -0.004068  -0.045321 
  0.008058   0.155248   0.297287  -0.071562  -0.071505   0.062739  -0.124012   0.005901   0.078434   0.013694  -0.029106   0.062739 
  0.005913   0.144997   0.293477  -0.092819  -0.068182   0.044404  -0.002145  -0.010251  -0.003810  -0.021257   0.003323  -0.018335 
  0.141693   0.140903   0.244947  -0.070187  -0.020798   0.058499   0.135780  -0.004094  -0.048530   0.022632   0.047384   0.014095 
  0.110457   0.136331   0.249068  -0.061650  -0.039076   0.062968  -0.031236  -0.004572   0.004121   0.008537  -0.018278   0.004469 
  0.046660   0.137385   0.289733  -0.063999  -0.060905   0.058155  -0.063797   0.001054   0.040665  -0.002349  -0.021829  -0.004813 
 -0.013406   0.166274   0.307842  -0.076375  -0.097059   0.075630  -0.060066   0.028889   0.018109  -0.012376  -0.036154   0.017475 
  0.179486   0.142073   0.238065  -0.065833  -0.035409   0.059416   0.192892  -0.024201  -0.069777   0.010542   0.061650  -0.016214 
  0.163257   0.139832   0.244846  -0.064802  -0.032601   0.062510  -0.016229  -0.002241   0.006781   0.001031   0.002808   0.003094 
  0.046129   0.133551   0.342316  -0.081532  -0.078724   0.063770  -0.117128  -0.006281   0.097470  -0.016730  -0.046123   0.001260 
  0.095545   0.140564   0.321181  -0.078094  -0.063369   0.063426   0.049416   0.007013  -0.021135   0.003438   0.015355  -0.000344 
  0.220845   0.160119   0.259451  -0.067151  -0.035695   0.055863   0.125300   0.019555  -0.061730   0.010943   0.027674  -0.007563 
  0.151013   0.166906   0.287017  -0.063369  -0.026528   0.052368  -0.069832   0.006787   0.027566   0.003782   0.009167  -0.003495 
 -0.006812   0.165867   0.372697  -0.056093  -0.088350   0.068927  -0.157825  -0.001039   0.085680   0.007276  -0.061822   0.016559 
  0.136826   0.167978   0.316214  -0.066807  -0.033919   0.054546   0.143638   0.002111  -0.056483  -0.010714   0.054431  -0.014381 
  0.170762   0.142968   0.293328  -0.059015   0.000000   0.051910   0.033936  -0.025010  -0.022886   0.007792   0.033919  -0.002636 
  0.090803   0.128656   0.331999  -0.048014  -0.046524   0.048873  -0.079959  -0.014312   0.038671   0.011001  -0.046524  -0.003037 
  0.000860   0.164631   0.392050  -0.059530  -0.084855   0.056952  -0.089943   0.035975   0.060051  -0.011516  -0.038331   0.008079 
  0.089198   0.163388   0.336242  -0.051222  -0.049790   0.054374   0.088338  -0.001243  -0.055808   0.008308   0.035065  -0.002578 
  0.187620   0.132433   0.306461  -0.051681  -0.034893   0.039419   0.098422  -0.030955  -0.029781  -0.000459   0.014897  -0.014955 
  0.148462   0.171477   0.310656  -0.070302  -0.033232   0.039133  -0.039158   0.039044   0.004195  -0.018621   0.001661  -0.000286 
  0.027134   0.206341   0.399865  -0.070932  -0.066177   0.048988  -0.121328   0.034864   0.089209  -0.000630  -0.032945   0.009855 
  0.113029   0.164685   0.365730  -0.050363  -0.067609   0.000000   0.085895  -0.041656  -0.034135   0.020569  -0.001432  -0.048988 
  0.238649   0.144621   0.323866  -0.056494  -0.035466   0.039534   0.125620  -0.020064  -0.041864  -0.006131   0.032143   0.039534 
  0.185132   0.163966   0.309988  -0.054832  -0.036211   0.051738  -0.053517   0.019345  -0.013878   0.001662  -0.000745   0.012204 
  0.063761   0.162605   0.405502  -0.092762  -0.088407   0.054202  -0.121371  -0.001361   0.095514  -0.037930  -0.052196   0.002464 
  0.035126   0.170947   0.429539  -0.085199  -0.051280   0.058442  -0.028635   0.008342   0.024037   0.007563   0.037127   0.004240 
  0.199527   0.153412   0.384879  -0.049561  -0.041081   0.040050   0.164401  -0.017535  -0.044660   0.035638   0.010199  -0.018392 
  0.164227   0.141711   0.440978  -0.082735  -0.063541   0.046868  -0.035300  -0.011701   0.056099  -0.033174  -0.022460   0.006818 
  0.094749   0.178923   0.466116  -0.077407  -0.080959   0.000000  -0.069478   0.037212   0.025138   0.005328  -0.017418  -0.046868 
  0.055196   0.169663   0.489202  -0.029851  -0.066578   0.045436  -0.039553  -0.009260   0.023086   0.047556   0.014381   0.045436 
  0.206209   0.147677   0.433075  -0.077120  -0.069213   0.035180   0.151013  -0.021986  -0.056127  -0.047269  -0.002635  -0.010256 
  0.227357   0.140838   0.411592  -0.069271  -0.036841   0.037471   0.021148  -0.006839  -0.021483   0.007849   0.032372   0.002291 
  0.114853   0.150149   0.491126  -0.074141  -0.067895   0.043946  -0.112504   0.009311   0.079534  -0.004870  -0.031054   0.006475 
  0.028729   0.138780   0.528885  -0.061937  -0.034664   0.051394  -0.086124  -0.011369   0.037759   0.012204   0.033231   0.007448 
  0.209452   0.156428   0.466885  -0.075000  -0.047040   0.041711   0.180723   0.017648  -0.062000  -0.013063  -0.012376  -0.009683 
  0.239472   0.156320   0.425501  -0.071276  -0.031914   0.042456   0.030020  -0.000108  -0.041384   0.003724   0.015126   0.000745 
  0.127832   0.149009   0.472691  -0.095111  -0.079125   0.000000  -0.111640  -0.007311   0.047190  -0.023835  -0.047211  -0.042456 
  0.032239   0.165135   0.513129  -0.060332  -0.036727   0.043430  -0.095593   0.016126   0.040438   0.034779   0.042398   0.043430 
  0.185215   0.159244   0.470021  -0.068182  -0.057983   0.035351   0.152976  -0.005891  -0.043108  -0.007850  -0.021256  -0.008079 
  0.230351   0.163602   0.437962  -0.064171   0.000000   0.042055   0.045136   0.004358  -0.032059   0.004011   0.057983   0.006704 
  0.124997   0.157774   0.501334  -0.077292  -0.050592   0.035638  -0.105354  -0.005828   0.063372  -0.013121  -0.050592  -0.006417 
  0.038906   0.164766   0.528048  -0.066349   0.000000   0.038445  -0.086091   0.006992   0.026714   0.010943   0.050592   0.002807 
  0.226274   0.155502   0.472836  -0.071792  -0.033117   0.038904   0.187368  -0.009264  -0.055212  -0.005443  -0.033117   0.000459 
  0.231768   0.148486   0.463701  -0.074714   0.000000   0.034893   0.005494  -0.007016  -0.009135  -0.002922   0.033117  -0.004011 
  0.137449   0.163692   0.469945  -0.087834  -0.041941   0.000000  -0.094319   0.015206   0.006244  -0.013120  -0.041941  -0.034893 
  0.028145   0.144053   0.547882  -0.074313  -0.049332   0.038847  -0.109304  -0.019639   0.077937   0.013521  -0.007391   0.038847 
  0.185708   0.157655   0.469298  -0.067781  -0.032544   0.046983   0.157563   0.013602  -0.078584   0.006532   0.016788   0.008136 
  0.235916   0.146793   0.448653  -0.071104   0.000000   0.034377   0.050208  -0.010862  -0.020645  -0.003323   0.032544  -0.012606 
  0.156247   0.150043   0.476332  -0.068125  -0.031341   0.032945  -0.079669   0.003250   0.027679   0.002979  -0.031341  -0.001432 
  0.031241   0.164542   0.543299  -0.071677  -0.025267   0.043316  -0.125006   0.014499   0.066967  -0.003552   0.006074   0.010371 
  0.188272   0.156975   0.466491  -0.056264  -0.032200   0.000000   0.157031  -0.007567  -0.076808   0.015413  -0.006933  -0.043316 
  0.241834   0.148542   0.447400  -0.076891   0.000000   0.000000   0.053562  -0.008433  -0.019091  -0.020627   0.032200   0.000000 
  0.187138   0.149701   0.476235  -0.078839  -0.032601   0.000000  -0.054696   0.001159   0.028835  -0.001948  -0.032601   0.000000 
  0.052729   0.143256   0.558496  -0.067208  -0.030252   0.036784  -0.134409  -0.006445   0.082261   0.011631   0.002349   0.036784 
  0.154980   0.145529   0.503014  -0.075459  -0.034950   0.000000   0.102251   0.002273  -0.055482  -0.008251  -0.004698  -0.036784 
  0.258875   0.148467   0.471328  -0.071906   0.000000   0.000000   0.103895   0.002938  -0.031686   0.003553   0.034950   0.000000 
  0.214017   0.158551   0.458088  -0.067265   0.000000   0.000000  -0.044858   0.010084  -0.013240   0.004641   0.000000   0.000000 
  0.053034   0.155212   0.546921  -0.081876   0.000000   0.000000  -0.160983  -0.003339   0.088833  -0.014611   0.000000   0.000000 
  0.139462   0.141235   0.532951  -0.094366  -0.029565   0.000000   0.086428  -0.013977  -0.013970  -0.012490  -0.029565   0.000000 
  0.252244   0.142002   0.465803  -0.077808   0.000000   0.000000   0.112782   0.000767  -0.067148   0.016558   0.029565   0.000000 
  0.204420   0.152936   0.477296  -0.074198   0.000000   0.000000  -0.047824   0.010934   0.011493   0.003610   0.000000   0.000000 
  0.030580   0.161627   0.579330  -0.063827   0.000000   0.000000  -0.173840   0.008691   0.102034   0.010371   0.000000   0.000000 
  0.141601   0.146389   0.558805  -0.044863   0.000000   0.000000   0.111021  -0.015238  -0.020525   0.018964   0.000000   0.000000 
  0.297863   0.151601   0.467444  -0.047269   0.040966   0.000000   0.156262   0.005212  -0.091361  -0.002406   0.040966   0.000000 
  0.250053   0.146854   0.469773  -0.057067   0.046581   0.000000  -0.047810  -0.004747   0.002329  -0.009798   0.005615   0.000000 
  0.052467   0.160825   0.543070  -0.045837   0.000000   0.000000  -0.197586   0.013971   0.073297   0.011230  -0.046581   0.000000 
  0.118178   0.150054   0.551512  -0.070015   0.000000   0.000000   0.065711  -0.010771   0.008442  -0.024178   0.000000   0.000000 
  0.278226   0.139594   0.445323  -0.041998   0.055004   0.000000   0.160048  -0.010460  -0.106189   0.028017   0.055004   0.000000 
  0.245008   0.140843   0.452425  -0.047154   0.049102   0.000000  -0.033218   0.001249   0.007102  -0.005156  -0.005902   0.000000 
  0.153519   0.140939   0.481246  -0.057067   0.000000   0.000000  -0.091489   0.000096   0.028821  -0.009913  -0.049102   0.000000 
  0.050422   0.162530   0.545922  -0.034721   0.000000   0.000000  -0.103097   0.021591   0.064676   0.022346   0.000000   0.000000 
  0.218150   0.151822   0.485986  -0.050821   0.040795   0.000000   0.167728  -0.010708  -0.059936  -0.016100   0.040795   0.000000 
  0.270598   0.146022   0.457297  -0.037414   0.070703   0.000000   0.052448  -0.005800  -0.028689   0.013407   0.029908   0.000000 
  0.230613   0.145609   0.466285  -0.032315   0.070760   0.000000  -0.039985  -0.000413   0.008988   0.005099   0.000057   0.000000 
  0.067781   0.167677   0.535921   0.000000   0.029106   0.000000  -0.162832   0.022068   0.069636   0.032315  -0.041654   0.000000 
  0.079162   0.146128   0.568565  -0.051337   0.000000   0.000000   0.011381  -0.021549   0.032644  -0.051337  -0.029106   0.000000 
  0.271603   0.127470   0.521523  -0.063426   0.074198   0.000000   0.192441  -0.018658  -0.047042  -0.012089   0.074198   0.000000 
  0.290434   0.137561   0.508043  -0.039477   0.100726   0.000000   0.018831   0.010091  -0.013480   0.023949   0.026528   0.000000 
  0.242071   0.135030   0.480111  -0.031627   0.071161   0.000000  -0.048363  -0.002531  -0.027932   0.007850  -0.029565   0.000000 
  0.113453   0.129264   0.554104  -0.044805   0.049561   0.000000  -0.128618  -0.005766   0.073993  -0.013178  -0.021600   0.000000 
  0.130946   0.143689   0.550751  -0.044003   0.001203   0.000000   0.017493   0.014425  -0.003353   0.000802  -0.048358   0.000000 
  0.253666   0.142927   0.532348  -0.038961   0.058671   0.000000   0.122720  -0.000762  -0.018403   0.005042   0.057468   0.000000 
  0.228619   0.154234   0.512611  -0.035351   0.056494   0.000000  -0.025047   0.011307  -0.019737   0.003610  -0.002177   0.000000 
  0.150376   0.157176   0.577686  -0.038560   0.033690   0.000000  -0.078243   0.002942   0.065075  -0.003209  -0.022804   0.000000 
  0.097325   0.149768   0.628293  -0.052655   0.041883   0.000000  -0.053051  -0.007408   0.050607  -0.014095   0.008193   0.000000 
  0.270633   0.119384   0.561339  -0.038102   0.107659   0.000000   0.173308  -0.030384  -0.066954   0.014553   0.065776   0.000000 
  0.281501   0.132330   0.528771  -0.029851   0.133213   0.000000   0.010868   0.012946  -0.032568   0.008251   0.025554   0.000000 
  0.231033   0.114900   0.563504  -0.043889   0.093908   0.000000  -0.050468  -0.017430   0.034733  -0.014038  -0.039305   0.000000 
  0.082306   0.158417   0.615593  -0.065718   0.062510   0.000000  -0.148727   0.043517   0.052089  -0.021829  -0.031398   0.000000 
  0.215676   0.125951   0.571629  -0.051222   0.077177   0.000000   0.133370  -0.032466  -0.043964   0.014496   0.014667   0.000000 
  0.357423   0.134924   0.561160  -0.077120   0.135447   0.000000   0.141747   0.008973  -0.010469  -0.025898   0.058270   0.000000 
  0.301206   0.142435   0.583001  -0.046581   0.135619   0.000000  -0.056217   0.007511   0.021841   0.030539   0.000172   0.000000 
  0.093506   0.161669   0.681816  -0.051910   0.120665  -0.041769  -0.207700   0.019234   0.098815  -0.005329  -0.014954  -0.041769 
  0.206051   0.141683   0.663512  -0.055978   0.129431   0.000000   0.112545  -0.019986  -0.018304  -0.004068   0.008766   0.041769 
  0.316774   0.145437   0.614076  -0.056551   0.147250   0.000000   0.110723   0.003754  -0.049436  -0.000573   0.017819   0.000000 
  0.175362   0.150273   0.651884  -0.091673   0.113388  -0.040336  -0.141412   0.004836   0.037808  -0.035122  -0.033862  -0.040336 
  0.092672   0.162314   0.700624  -0.063025   0.109607  -0.029737  -0.082690   0.012041   0.048740   0.028648  -0.003781   0.010599 
  0.254535   0.153303   0.653936  -0.076203   0.150688  -0.029335   0.161863  -0.009011  -0.046688  -0.013178   0.041081   0.000402 
  0.331862   0.144670   0.610292  -0.054660   0.162262   0.000000   0.077327  -0.008633  -0.043644   0.021543   0.011574   0.029335 
  0.204040   0.136521   0.662855  -0.096142   0.117399  -0.025210  -0.127822  -0.008149   0.052563  -0.041482  -0.044863  -0.025210 
  0.050010   0.164164   0.694225  -0.065088   0.097804  -0.048587  -0.154030   0.027643   0.031370   0.031054  -0.019595  -0.023377 
  0.255385   0.157054   0.657341  -0.066635   0.157105   0.000000   0.205375  -0.007110  -0.036884  -0.001547   0.059301   0.048587 
  0.255373   0.148222   0.630691  -0.056608   0.124103   0.000000  -0.000012  -0.008832  -0.026650   0.010027  -0.033002   0.000000 
  0.153018   0.163502   0.691675  -0.063885   0.136307  -0.031685  -0.102355   0.015280   0.060984  -0.007277   0.012204  -0.031685 
  0.071312   0.160911   0.759117  -0.078553   0.129431  -0.044232  -0.081706  -0.002591   0.067442  -0.014668  -0.006876  -0.012547 
  0.224076   0.147176   0.718392  -0.063083   0.126108   0.000000   0.152764  -0.013735  -0.040725   0.015470  -0.003323   0.044232 
  0.271956   0.146036   0.667903  -0.085027   0.154011   0.000000   0.047880  -0.001140  -0.050489  -0.021944   0.027903   0.000000 
  0.254627   0.164020   0.676230  -0.059244   0.164840  -0.058155  -0.017329   0.017984   0.008327   0.025783   0.010829  -0.058155 
  0.120321   0.164969   0.766972  -0.091559   0.129259  -0.058213  -0.134306   0.000949   0.090742  -0.032315  -0.035581  -0.000058 
  0.226212   0.156463   0.708222  -0.069786   0.181112  -0.041425   0.105891  -0.008506  -0.058750   0.021773   0.051853   0.016788 
  0.306669   0.142381   0.673029  -0.074771   0.208557  -0.039018   0.080457  -0.014082  -0.035193  -0.004985   0.027445   0.002407 
  0.243770   0.149481   0.676774  -0.097460   0.146391  -0.062624  -0.062899   0.007100   0.003745  -0.022689  -0.062166  -0.023606 
  0.117046   0.154448   0.727090  -0.102789   0.134645  -0.060046  -0.126724   0.004967   0.050316  -0.005329  -0.011746   0.002578 
  0.222317   0.151725   0.705506  -0.090871   0.163064  -0.048472   0.105271  -0.002723  -0.021584   0.011918   0.028419   0.011574 
  0.306826   0.151923   0.677843  -0.105539   0.169366  -0.043316   0.084509   0.000198  -0.027663  -0.014668   0.006302   0.005156 
  0.250954   0.155140   0.686180  -0.090298   0.154756  -0.041941  -0.055872   0.003217   0.008337   0.015241  -0.014610   0.001375 
  0.125520   0.172576   0.746470  -0.083079   0.131437  -0.070130  -0.125434   0.017436   0.060290   0.007219  -0.023319  -0.028189 
  0.182162   0.166520   0.727124  -0.072708   0.181055  -0.064229   0.056642  -0.006056  -0.019346   0.010371   0.049618   0.005901 
  0.284568   0.169942   0.694768  -0.064630   0.221104  -0.065374   0.102406   0.003422  -0.032356   0.008078   0.040049  -0.001145 
  0.261845   0.139304   0.701659  -0.091387   0.196353  -0.041138  -0.022723  -0.030638   0.006891  -0.026757  -0.024751   0.024236 
  0.125800   0.164003   0.758976  -0.068297   0.136249  -0.060275  -0.136045   0.024699   0.057317   0.023090  -0.060104  -0.019137 
  0.183313   0.161535   0.733387  -0.062567   0.170570  -0.060161   0.057513  -0.002468  -0.025589   0.005730   0.034321   0.000114 
  0.330796   0.129097   0.685801  -0.094137   0.190623  -0.028877   0.147483  -0.032438  -0.047586  -0.031570   0.020053   0.031284 
  0.268594   0.129706   0.673728  -0.086975   0.172689  -0.035924  -0.062202   0.000609  -0.012073   0.007162  -0.017934  -0.007047 
  0.107203   0.161189   0.753118  -0.087147   0.130119  -0.061135  -0.161391   0.031483   0.079390  -0.000172  -0.042570  -0.025211 
  0.191362   0.143305   0.714443  -0.064859   0.181857  -0.059759   0.084159  -0.017884  -0.038675   0.022288   0.051738   0.001376 
  0.310073   0.165949   0.688330  -0.068698   0.224542  -0.057983   0.118711   0.022644  -0.026113  -0.003839   0.042685   0.001776 
  0.266312   0.162749   0.667811  -0.043545   0.209359  -0.070818  -0.043761  -0.003200  -0.020519   0.025153  -0.015183  -0.012835 
  0.143433   0.172648   0.730173  -0.039362   0.135619  -0.068755  -0.122879   0.009899   0.062362   0.004183  -0.073740   0.002063 
  0.126791   0.175000   0.753681  -0.046467   0.148167  -0.060046  -0.016642   0.002352   0.023508  -0.007105   0.012548   0.008709 
  0.269077   0.159060   0.746346  -0.060390   0.193087  -0.055176   0.142286  -0.015940  -0.007335  -0.013923   0.044920   0.004870 
  0.270448   0.141589   0.741886  -0.079870   0.205749  -0.046352   0.001371  -0.017471  -0.004460  -0.019480   0.012662   0.008824 
  0.188674   0.163330   0.740915  -0.049618   0.188618  -0.047097  -0.081774   0.021741  -0.000971   0.030252  -0.017131  -0.000745 
  0.114830   0.155690   0.795160  -0.073740   0.132697  -0.060447  -0.073844  -0.007640   0.054245  -0.024122  -0.055921  -0.013350 
  0.181263   0.155089   0.752678  -0.067208   0.160657  -0.059530   0.066433  -0.000601  -0.042482   0.006532   0.027960   0.000917 
  0.320274   0.150535   0.736707  -0.090757   0.211307  -0.056322   0.139011  -0.004554  -0.015971  -0.023549   0.050650   0.003208 
  0.322543   0.145612   0.706178  -0.075516   0.221563  -0.061364   0.002269  -0.004923  -0.030529   0.015241   0.010256  -0.005042 
  0.265055   0.129262   0.709678  -0.078323   0.188675  -0.041024  -0.057488  -0.016350   0.003500  -0.002807  -0.032888   0.020340 
  0.133057   0.150077   0.758008  -0.068182   0.140088  -0.058384  -0.131998   0.020815   0.048330   0.010141  -0.048587  -0.017360 
  0.191575   0.150892   0.748255  -0.098320   0.158767  -0.053400   0.058518   0.000815  -0.009753  -0.030138   0.018679   0.004984 
  0.245033   0.148319   0.727226  -0.085886   0.209473  -0.052540   0.053458  -0.002573  -0.021029   0.012434   0.050706   0.000860 
  0.249291   0.124422   0.736311  -0.080329   0.171544  -0.024064   0.004258  -0.023897   0.009085   0.005557  -0.037929   0.028476 
  0.127479   0.154643   0.761308  -0.049790   0.150115  -0.058499  -0.121812   0.030221   0.024997   0.030539  -0.021429  -0.034435 
  0.160897   0.165395   0.732958  -0.038503   0.165528  -0.059989   0.033418   0.010752  -0.028350   0.011287   0.015413  -0.001490 
  0.297833   0.128586   0.731753  -0.091387   0.196410  -0.036956   0.136936  -0.036809  -0.001205  -0.052884   0.030882   0.023033 
  0.282149   0.123478   0.633277  -0.117399   0.205291   0.000000  -0.015684  -0.005108  -0.098476  -0.026012   0.008881   0.036956 
  0.169993   0.132379   0.733532  -0.142838   0.165871  -0.031856  -0.112156   0.008901   0.100255  -0.025439  -0.039420  -0.031856 
  0.098047   0.147919   0.742650  -0.091960   0.133843  -0.037758  -0.071946   0.015540   0.009118   0.050878  -0.032028  -0.005902 
  0.243249   0.123973   0.713954  -0.085313   0.125420   0.000000   0.145202  -0.023946  -0.028696   0.006647  -0.008423   0.037758 
  0.215472   0.113483   0.720042  -0.081303   0.127139   0.000000  -0.027777  -0.010490   0.006088   0.004010   0.001719   0.000000 
  0.244997   0.104415   0.702249  -0.109607   0.146448   0.000000   0.029525  -0.009068  -0.017793  -0.028304   0.019309   0.000000 
  0.259603   0.101283   0.695120  -0.121696   0.177216   0.000000   0.014606  -0.003132  -0.007129  -0.012089   0.030768   0.000000 
  0.087351   0.145979   0.734598  -0.081990   0.143812  -0.040336  -0.172252   0.044696   0.039478   0.039706  -0.033404  -0.040336 
  0.117946   0.147810   0.736977  -0.085313   0.139630   0.000000   0.030595   0.001831   0.002379  -0.003323  -0.004182   0.040336 
  0.271109   0.139978   0.711128  -0.086803   0.157162   0.000000   0.153163  -0.007832  -0.025849  -0.001490   0.017532   0.000000 
  0.264469   0.146112   0.695692  -0.079641   0.188045   0.000000  -0.006640   0.006134  -0.015436   0.007162   0.030883   0.000000 
  0.105364   0.162765   0.752802  -0.068067   0.145932  -0.039133  -0.159105   0.016653   0.057110   0.011574  -0.042113  -0.039133 
  0.102573   0.153682   0.764816  -0.102330   0.140489  -0.032773  -0.002791  -0.009083   0.012014  -0.034263  -0.005443   0.006360 
  0.295391   0.144757   0.706686  -0.080443   0.191826  -0.040451   0.192818  -0.008925  -0.058130   0.021887   0.051337  -0.007678 
  0.316317   0.133755   0.694629  -0.088522   0.242533  -0.058041   0.020926  -0.011002  -0.012057  -0.008079   0.050707  -0.017590 
  0.156295   0.151119   0.757074  -0.071276   0.168793  -0.063885  -0.160022   0.017364   0.062445   0.017246  -0.073740  -0.005844 
  0.124592   0.157630   0.772406  -0.058499   0.127139  -0.029966  -0.031703   0.006511   0.015332   0.012777  -0.041654   0.033919 
  0.253523   0.133742   0.718047  -0.081876   0.216234  -0.058270   0.128931  -0.023888  -0.054359  -0.023377   0.089095  -0.028304 
  0.280785   0.130346   0.694576  -0.078266   0.206322  -0.060218   0.027262  -0.003396  -0.023471   0.003610  -0.009912  -0.001948 
