 -0.004242   0.093647   0.118984  -0.032830   0.000000  -0.044920   0.000000   0.000000   0.000000   0.000000   0.000000   0.000000 
 -0.003289   0.101715   0.118064   0.000000   0.000000  -0.030653   0.000953   0.008068  -0.000920   0.032830   0.000000   0.014267 
 -0.101260   0.096282   0.112244   0.000000   0.000000  -0.059301  -0.097971  -0.005433  -0.005820   0.000000   0.000000  -0.028648 
 -0.060229   0.083299   0.121957   0.000000   0.000000  -0.061364   0.041031  -0.012983   0.009713   0.000000   0.000000  -0.002063 
 -0.006732   0.104435   0.111475   0.000000   0.000000  -0.061364   0.053497   0.021136  -0.010482   0.000000   0.000000   0.000000 
  0.016381   0.091429   0.131491  -0.052884   0.030080  -0.060390   0.023113  -0.013006   0.020016  -0.052884   0.030080   0.000974 
 -0.057193   0.107465   0.099492  -0.030252   0.000000  -0.058556  -0.073574   0.016036  -0.031999   0.022632  -0.030080   0.001834 
 -0.112063   0.098541   0.101443   0.000000   0.000000  -0.062624  -0.054870  -0.008924   0.001951   0.030252   0.000000  -0.004068 
 -0.099414   0.103469   0.104313   0.000000   0.000000  -0.066234   0.012649   0.004928   0.002870   0.000000   0.000000  -0.003610 
 -0.025139   0.114370   0.109176   0.000000   0.000000  -0.068354   0.074275   0.010901   0.004863   0.000000   0.000000  -0.002120 
  0.007154   0.123163   0.136756  -0.036669   0.000000  -0.074083   0.032293   0.008793   0.027580  -0.036669   0.000000  -0.005729 
 -0.019256   0.125107   0.117129   0.000000   0.000000  -0.074828  -0.026410   0.001944  -0.019627   0.036669   0.000000  -0.000745 
 -0.103358   0.117473   0.126066   0.000000   0.000000  -0.085371  -0.084102  -0.007634   0.008937   0.000000   0.000000  -0.010543 
 -0.099827   0.111389   0.123627   0.000000   0.000000  -0.083193   0.003531  -0.006084  -0.002439   0.000000   0.000000   0.002178 
 -0.073425   0.130181   0.127253  -0.010141   0.000000  -0.087032   0.026402   0.018792   0.003626  -0.010141   0.000000  -0.003839 
 -0.006015   0.129854   0.135487   0.000000   0.000000  -0.104278   0.067410  -0.000327   0.008234   0.010141   0.000000  -0.017246 
 -0.112046   0.119093   0.119726   0.000000   0.036898  -0.089038  -0.106031  -0.010761  -0.015761   0.000000   0.036898   0.015240 
 -0.115503   0.105960   0.125223   0.017074   0.029507  -0.086517  -0.003457  -0.013133   0.005497   0.017074  -0.007391   0.002521 
 -0.110806   0.117226   0.132448   0.000000   0.035409  -0.088694   0.004697   0.011266   0.007225  -0.017074   0.005902  -0.002177 
 -0.030288   0.120988   0.150575  -0.030424   0.000000  -0.097517   0.080518   0.003762   0.018127  -0.030424  -0.035409  -0.008823 
 -0.122681   0.114564   0.117059   0.000000   0.036669  -0.092304  -0.092393  -0.006424  -0.033516   0.030424   0.036669   0.005213 
 -0.116556   0.116128   0.121232   0.000000   0.000000  -0.086402   0.006125   0.001564   0.004173   0.000000  -0.036669   0.005902 
 -0.106011   0.105348   0.129894   0.000000   0.000000  -0.087090   0.010545  -0.010780   0.008662   0.000000   0.000000  -0.000688 
 -0.053679   0.117844   0.141223  -0.030997   0.036497  -0.086345   0.052332   0.012496   0.011329  -0.030997   0.036497   0.000745 
 -0.075520   0.109522   0.112515   0.000000   0.038159  -0.093564  -0.021841  -0.008322  -0.028708   0.030997   0.001662  -0.007219 
 -0.109959   0.104472   0.105068   0.015470   0.031513  -0.087605  -0.034439  -0.005050  -0.007447   0.015470  -0.006646   0.005959 
 -0.111038   0.106427   0.129904   0.010485   0.033060  -0.091731  -0.001079   0.001955   0.024836  -0.004985   0.001547  -0.004126 
 -0.073319   0.112746   0.147488   0.003667   0.034664  -0.094595   0.037719   0.006319   0.017584  -0.006818   0.001604  -0.002864 
 -0.068474   0.125085   0.140977   0.000000   0.049675  -0.106398   0.004845   0.012339  -0.006511  -0.003667   0.015011  -0.011803 
 -0.122789   0.108048   0.113290   0.009969   0.044404  -0.102273  -0.054315  -0.017037  -0.027687   0.009969  -0.005271   0.004125 
 -0.142333   0.105691   0.131242   0.028304   0.043029  -0.111097  -0.019544  -0.002357   0.017952   0.018335  -0.001375  -0.008824 
 -0.112066   0.106766   0.131597   0.021314   0.038274  -0.108633   0.030267   0.001075   0.000355  -0.006990  -0.004755   0.002464 
 -0.098373   0.117582   0.154987   0.000000   0.059416  -0.148110   0.013693   0.010816   0.023390  -0.021314   0.021142  -0.039477 
 -0.126680   0.107000   0.127874   0.011459   0.052311  -0.132181  -0.028307  -0.010582  -0.027113   0.011459  -0.007105   0.015929 
 -0.188089   0.090239   0.134642   0.000000   0.042972  -0.107716  -0.061409  -0.016761   0.006768  -0.011459  -0.009339   0.024465 
 -0.148858   0.104596   0.129743   0.030825   0.046524  -0.138942   0.039231   0.014357  -0.004899   0.030825   0.003552  -0.031226 
 -0.107243   0.116912   0.149034   0.000000   0.000000  -0.144901   0.041615   0.012316   0.019291  -0.030825  -0.046524  -0.005959 
 -0.108291   0.114004   0.134821   0.009167   0.052655  -0.137223  -0.001048  -0.002908  -0.014213   0.009167   0.052655   0.007678 
 -0.143735   0.103676   0.121070   0.033002   0.043889  -0.127139  -0.035444  -0.010328  -0.013751   0.023835  -0.008766   0.010084 
 -0.141511   0.105826   0.128536   0.040623   0.046639  -0.133270   0.002224   0.002150   0.007466   0.007621   0.002750  -0.006131 
 -0.125370   0.105501   0.136520   0.026356   0.054546  -0.137682   0.016141  -0.000325   0.007984  -0.014267   0.007907  -0.004412 
 -0.109942   0.118244   0.147588   0.006188   0.051910  -0.144042   0.015428   0.012743   0.011068  -0.020168  -0.002636  -0.006360 
 -0.153681   0.110168   0.126092   0.026872   0.048931  -0.112873  -0.043739  -0.008076  -0.021496   0.020684  -0.002979   0.031169 
 -0.188285   0.114683   0.140024   0.022804   0.018449  -0.120722  -0.034604   0.004515   0.013932  -0.004068  -0.030482  -0.007849 
 -0.183991   0.123648   0.150087   0.018163   0.028247  -0.164897   0.004294   0.008965   0.010063  -0.004641   0.009798  -0.044175 
 -0.178115   0.124996   0.165721   0.000000   0.059702  -0.195264   0.005876   0.001348   0.015634  -0.018163   0.031455  -0.030367 
 -0.198685   0.118017   0.141193   0.000000   0.055520  -0.174007  -0.020570  -0.006979  -0.024528   0.000000  -0.004182   0.021257 
 -0.250487   0.113617   0.146784   0.025669   0.036612  -0.167647  -0.051802  -0.004400   0.005591   0.025669  -0.018908   0.006360 
 -0.227342   0.110083   0.148699   0.008709   0.060905  -0.200650   0.023145  -0.003534   0.001915  -0.016960   0.024293  -0.033003 
 -0.196594   0.094598   0.162920  -0.001261   0.060275  -0.219958   0.030748  -0.015485   0.014221  -0.009970  -0.000630  -0.019308 
 -0.229093   0.090984   0.143600   0.016730   0.060734  -0.214974  -0.032499  -0.003614  -0.019320   0.017991   0.000459   0.004984 
 -0.282060   0.104619   0.155893   0.031685   0.063598  -0.208041  -0.052967   0.013635   0.012293   0.014955   0.002864   0.006933 
 -0.252575   0.086350   0.175446   0.000000   0.076146  -0.229412   0.029485  -0.018269   0.019553  -0.031685   0.012548  -0.021371 
 -0.202596   0.094978   0.187252   0.000000   0.086574  -0.200936   0.049979   0.008628   0.011806   0.000000   0.010428   0.028476 
 -0.208045   0.113054   0.185885   0.010084   0.085199  -0.215432  -0.005449   0.018076  -0.001367   0.010084  -0.001375  -0.014496 
 -0.302731   0.101493   0.159394   0.016157   0.095856  -0.197269  -0.094686  -0.011561  -0.026491   0.006073   0.010657   0.018163 
 -0.293103   0.106442   0.179878   0.022116   0.084798  -0.197499   0.009628   0.004949   0.020484   0.005959  -0.011058  -0.000230 
 -0.239209   0.114840   0.207372  -0.000573   0.092475  -0.236574   0.053894   0.008398   0.027494  -0.022689   0.007677  -0.039075 
 -0.251843   0.102688   0.205373  -0.005844   0.123014  -0.240585  -0.012634  -0.012152  -0.001999  -0.005271   0.030539  -0.004011 
 -0.298484   0.092837   0.185053   0.029507   0.088522  -0.222250  -0.046641  -0.009851  -0.020320   0.035351  -0.034492   0.018335 
 -0.307385   0.093457   0.181312   0.037070   0.087663  -0.221334  -0.008901   0.000620  -0.003741   0.007563  -0.000859   0.000916 
 -0.284775   0.099728   0.197807   0.000000   0.099294  -0.245913   0.022610   0.006271   0.016495  -0.037070   0.011631  -0.024579 
 -0.263270   0.103098   0.199771   0.000000   0.095627  -0.250784   0.021505   0.003370   0.001964   0.000000  -0.003667  -0.004871 
 -0.316572   0.098050   0.186736   0.028476   0.115967  -0.234397  -0.053302  -0.005048  -0.013035   0.028476   0.020340   0.016387 
 -0.293709   0.111785   0.199302   0.033403   0.079125  -0.239955   0.022863   0.013735   0.012566   0.004927  -0.036842  -0.005558 
 -0.268130   0.095346   0.195157  -0.001662   0.119863  -0.250898   0.025579  -0.016439  -0.004145  -0.035065   0.040738  -0.010943 
 -0.252186   0.102014   0.205184   0.001948   0.116998  -0.262300   0.015944   0.006668   0.010027   0.003610  -0.002865  -0.011402 
 -0.295048   0.089336   0.185665   0.031570   0.096314  -0.242361  -0.042862  -0.012678  -0.019519   0.029622  -0.020684   0.019939 
 -0.325229   0.089841   0.195940   0.036727   0.089152  -0.251299  -0.030181   0.000505   0.010275   0.005157  -0.007162  -0.008938 
 -0.298543   0.090741   0.203484   0.032143   0.089954  -0.240069   0.026686   0.000900   0.007544  -0.004584   0.000802   0.011230 
 -0.255688   0.098011   0.196079   0.000000   0.115050  -0.263446   0.042855   0.007270  -0.007405  -0.032143   0.025096  -0.023377 
 -0.302411   0.094693   0.182158   0.035409   0.131494  -0.235658  -0.046723  -0.003318  -0.013921   0.035409   0.016444   0.027788 
 -0.327050   0.087164   0.193846   0.040737   0.094939  -0.256284  -0.024639  -0.007529   0.011688   0.005328  -0.036555  -0.020626 
 -0.362563   0.094271   0.176023   0.043602   0.115508  -0.321716  -0.035513   0.007107  -0.017823   0.002865   0.020569  -0.065432 
 -0.337140   0.088397   0.209491   0.000000   0.135218  -0.342743   0.025423  -0.005874   0.033468  -0.043602   0.019710  -0.021027 
 -0.329359   0.089370   0.196311   0.000000   0.136708  -0.351510   0.007781   0.000973  -0.013180   0.000000   0.001490  -0.008767 
 -0.408910   0.093472   0.160575   0.044290   0.125822  -0.358271  -0.079551   0.004102  -0.035736   0.044290  -0.010886  -0.006761 
 -0.395094   0.093993   0.174467   0.053285   0.118602  -0.351280   0.013816   0.000521   0.013892   0.008995  -0.007220   0.006991 
 -0.379135   0.091790   0.184556   0.034893   0.119233  -0.380387   0.015959  -0.002203   0.010089  -0.018392   0.000631  -0.029107 
 -0.357731   0.098656   0.197502   0.027044   0.116368  -0.375803   0.021404   0.006866   0.012946  -0.007849  -0.002865   0.004584 
 -0.392205   0.093988   0.168688   0.045493   0.118717  -0.356552  -0.034474  -0.004668  -0.028814   0.018449   0.002349   0.019251 
 -0.406906   0.089163   0.157984   0.047212   0.080672  -0.361193  -0.014701  -0.004825  -0.010704   0.001719  -0.038045  -0.004641 
 -0.396518   0.097133   0.174799   0.038732   0.070989  -0.411384   0.010388   0.007970   0.016815  -0.008480  -0.009683  -0.050191 
 -0.375162   0.094456   0.194801   0.000000   0.091673  -0.403190   0.021356  -0.002677   0.020002  -0.038732   0.020684   0.008194 
 -0.429010   0.093676   0.157795   0.062223   0.090814  -0.379470  -0.053848  -0.000780  -0.037006   0.062223  -0.000859   0.023720 
 -0.423861   0.096086   0.177822   0.067151   0.087147  -0.377235   0.005149   0.002410   0.020027   0.004928  -0.003667   0.002235 
 -0.409701   0.099781   0.176311   0.039534   0.067093  -0.421410   0.014160   0.003695  -0.001511  -0.027617  -0.020054  -0.044175 
 -0.406719   0.093215   0.205984   0.000000   0.086459  -0.416999   0.002982  -0.006566   0.029673  -0.039534   0.019366   0.004411 
 -0.385154   0.093666   0.185949   0.033461   0.084339  -0.403935   0.021565   0.000451  -0.020035   0.033461  -0.002120   0.013064 
 -0.474833   0.087059   0.182615   0.062968   0.086345  -0.439688  -0.089679  -0.006607  -0.003334   0.029507   0.002006  -0.035753 
 -0.450787   0.089210   0.183122   0.066692   0.084798  -0.437568   0.024046   0.002151   0.000507   0.003724  -0.001547   0.002120 
 -0.421425   0.087261   0.192688   0.036211   0.115795  -0.437224   0.029362  -0.001949   0.009566  -0.030481   0.030997   0.000344 
 -0.407960   0.103815   0.187021   0.038732   0.092991  -0.431036   0.013465   0.016554  -0.005667   0.002521  -0.022804   0.006188 
 -0.482418   0.085845   0.180833   0.057640   0.098148  -0.424848  -0.074458  -0.017970  -0.006188   0.018908   0.005157   0.006188 
 -0.474657   0.092058   0.186540   0.062796   0.090699  -0.459512   0.007761   0.006213   0.005707   0.005156  -0.007449  -0.034664 
 -0.419244   0.102392   0.191592   0.043946   0.092304  -0.445933   0.055413   0.010334   0.005052  -0.018850   0.001605   0.013579 
 -0.430277   0.104242   0.189075   0.067609   0.101070  -0.455673  -0.011033   0.001850  -0.002517   0.023663   0.008766  -0.009740 
 -0.477332   0.089113   0.184467   0.067724   0.100096  -0.469825  -0.047055  -0.015129  -0.004608   0.000115  -0.000974  -0.014152 
 -0.463797   0.090523   0.185365   0.069844   0.093106  -0.468336   0.013535   0.001410   0.000898   0.002120  -0.006990   0.001489 
 -0.430580   0.089648   0.207802   0.033805   0.099637  -0.436995   0.033217  -0.000875   0.022437  -0.036039   0.006531   0.031341 
 -0.417200   0.096122   0.205523   0.034206   0.119634  -0.438026   0.013380   0.006474  -0.002279   0.000401   0.019997  -0.001031 
 -0.507121   0.097471   0.179971   0.100497   0.117857  -0.494233  -0.089921   0.001349  -0.025552   0.066291  -0.001777  -0.056207 
 -0.504177   0.089312   0.184768   0.079011   0.101757  -0.518871   0.002944  -0.008159   0.004797  -0.021486  -0.016100  -0.024638 
 -0.473800   0.089074   0.196546   0.073912   0.099523  -0.512797   0.030377  -0.000238   0.011778  -0.005099  -0.002234   0.006074 
 -0.497932   0.105847   0.197306   0.079240   0.104909  -0.542075  -0.024132   0.016773   0.000760   0.005328   0.005386  -0.029278 
 -0.513403   0.100296   0.187098   0.097804   0.091043  -0.529356  -0.015471  -0.005551  -0.010208   0.018564  -0.013866   0.012719 
 -0.538842   0.097370   0.186779   0.116024   0.086402  -0.542190  -0.025439  -0.002926  -0.000319   0.018220  -0.004641  -0.012834 
 -0.484883   0.094127   0.180553   0.094767   0.099236  -0.532622   0.053959  -0.003243  -0.006226  -0.021257   0.012834   0.009568 
 -0.490022   0.102196   0.185625   0.077636   0.103304  -0.572958  -0.005139   0.008069   0.005072  -0.017131   0.004068  -0.040336 
 -0.536959   0.096448   0.176757   0.111383   0.115336  -0.572958  -0.046937  -0.005748  -0.008868   0.033747   0.012032   0.000000 
 -0.548665   0.095662   0.179321   0.114935   0.115566  -0.572958  -0.011706  -0.000786   0.002564   0.003552   0.000230   0.000000 
 -0.530247   0.093369   0.185850   0.092189   0.101757  -0.572958   0.018418  -0.002293   0.006529  -0.022746  -0.013809   0.000000 
 -0.521519   0.093325   0.186161   0.074370   0.102617  -0.604356   0.008728  -0.000044   0.000311  -0.017819   0.000860  -0.031398 
 -0.543498   0.103680   0.177006   0.098835   0.082105  -0.572958  -0.021979   0.010355  -0.009155   0.024465  -0.020512   0.031398 
 -0.592815   0.103941   0.180802   0.109721   0.068239  -0.572958  -0.049317   0.000261   0.003796   0.010886  -0.013866   0.000000 
 -0.567796   0.100653   0.188556   0.109091   0.079584  -0.602522   0.025019  -0.003288   0.007754  -0.000630   0.011345  -0.029564 
 -0.541370   0.108483   0.190019   0.106627   0.115795  -0.602809   0.026426   0.007830   0.001463  -0.002464   0.036211  -0.000287 
 -0.525817   0.101616   0.198208   0.088178   0.098893  -0.572958   0.015553  -0.006867   0.008189  -0.018449  -0.016902   0.029851 
 -0.566018   0.106141   0.185737   0.118946   0.073396  -0.572958  -0.040201   0.004525  -0.012471   0.030768  -0.025497   0.000000 
 -0.580813   0.104647   0.188939   0.109148   0.077750  -0.610716  -0.014795  -0.001494   0.003202  -0.009798   0.004354  -0.037758 
 -0.555169   0.100343   0.185033   0.111841   0.116310  -0.617305   0.025644  -0.004304  -0.003906   0.002693   0.038560  -0.006589 
 -0.541063   0.110628   0.192608   0.090585   0.110638  -0.623493   0.014106   0.010285   0.007575  -0.021256  -0.005672  -0.006188 
 -0.591231   0.107721   0.181034   0.122269   0.096543  -0.628248  -0.050168  -0.002907  -0.011574   0.031684  -0.014095  -0.004755 
 -0.592589   0.099235   0.178855   0.124790   0.081876  -0.622805  -0.001358  -0.008486  -0.002179   0.002521  -0.014667   0.005443 
 -0.544007   0.099864   0.188679   0.124275   0.089668  -0.613581   0.048582   0.000629   0.009824  -0.000515   0.007792   0.009224 
 -0.534345   0.111566   0.195557   0.099867   0.110524  -0.631113   0.009662   0.011702   0.006878  -0.024408   0.020856  -0.017532 
 -0.584983   0.106477   0.181537   0.129317   0.089496  -0.630712  -0.050638  -0.005089  -0.014020   0.029450  -0.021028   0.000401 
 -0.612760   0.108859   0.190566   0.122842   0.088178  -0.648359  -0.027777   0.002382   0.009029  -0.006475  -0.001318  -0.017647 
 -0.570424   0.107376   0.205043   0.120722   0.115852  -0.659761   0.042336  -0.001483   0.014477  -0.002120   0.027674  -0.011402 
 -0.570408   0.120759   0.215408   0.123472   0.123186  -0.673397   0.000016   0.013383   0.010365   0.002750   0.007334  -0.013636 
 -0.610017   0.106896   0.197377   0.140833   0.091387  -0.655063  -0.039609  -0.013863  -0.018031   0.017361  -0.031799   0.018334 
 -0.636417   0.114348   0.204028   0.139974   0.115222  -0.675403  -0.026400   0.007452   0.006651  -0.000859   0.023835  -0.020340 
 -0.591906   0.115559   0.197410   0.128343   0.121754  -0.688810   0.044511   0.001211  -0.006618  -0.011631   0.006532  -0.013407 
 -0.586845   0.124027   0.198751   0.120378   0.117342  -0.707660   0.005061   0.008468   0.001341  -0.007965  -0.004412  -0.018850 
 -0.644593   0.114941   0.190491   0.131207   0.084855  -0.704509  -0.057748  -0.009086  -0.008260   0.010829  -0.032487   0.003151 
 -0.639925   0.111039   0.187723   0.150344   0.075802  -0.691904   0.004668  -0.003902  -0.002768   0.019137  -0.009053   0.012605 
 -0.639142   0.097931   0.199381   0.140890   0.089668  -0.713046   0.000783  -0.013108   0.011658  -0.009454   0.013866  -0.021142 
 -0.597971   0.111748   0.196501   0.124103   0.129431  -0.737569   0.041171   0.013817  -0.002880  -0.016787   0.039763  -0.024523 
 -0.644194   0.113974   0.181379   0.132067   0.092246  -0.747080  -0.046223   0.002226  -0.015122   0.007964  -0.037185  -0.009511 
 -0.689487   0.109081   0.182592   0.144443   0.086058  -0.761346  -0.045293  -0.004893   0.001213   0.012376  -0.006188  -0.014266 
 -0.650315   0.113628   0.178458   0.138770   0.082964  -0.746163   0.039172   0.004547  -0.004134  -0.005673  -0.003094   0.015183 
 -0.617449   0.110093   0.193786   0.115222   0.133213  -0.758997   0.032866  -0.003535   0.015328  -0.023548   0.050249  -0.012834 
 -0.622402   0.117678   0.176155   0.125420   0.124045  -0.750002  -0.004953   0.007585  -0.017631   0.010198  -0.009168   0.008995 
 -0.683753   0.103945   0.186507   0.130520   0.082792  -0.749773  -0.061351  -0.013733   0.010352   0.005100  -0.041253   0.000229 
 -0.667369   0.106668   0.177972   0.169309   0.077349  -0.739345   0.016384   0.002723  -0.008535   0.038789  -0.005443   0.010428 
 -0.639324   0.104824   0.197240   0.116196   0.126624  -0.739574   0.028045  -0.001844   0.019268  -0.053113   0.049275  -0.000229 
 -0.625537   0.112783   0.181500   0.121181   0.117227  -0.729662   0.013787   0.007959  -0.015740   0.004985  -0.009397   0.009912 
 -0.676517   0.112867   0.162429   0.173148   0.074886  -0.732756  -0.050980   0.000084  -0.019071   0.051967  -0.042341  -0.003094 
 -0.687670   0.108521   0.165359   0.188389   0.081933  -0.753554  -0.011153  -0.004346   0.002930   0.015241   0.007047  -0.020798 
 -0.649563   0.105161   0.178997   0.125993   0.126165  -0.763352   0.038107  -0.003360   0.013638  -0.062396   0.044232  -0.009798 
 -0.616149   0.114310   0.179163   0.121925   0.126223  -0.750517   0.033414   0.009149   0.000166  -0.004068   0.000058   0.012835 
 -0.667805   0.112917   0.154110   0.187243   0.118373  -0.748054  -0.051656  -0.001393  -0.025053   0.065318  -0.007850   0.002463 
 -0.681866   0.107500   0.154370   0.199103   0.077464  -0.756075  -0.014061  -0.005417   0.000260   0.011860  -0.040909  -0.008021 
 -0.633394   0.114319   0.159801   0.187185   0.081475  -0.754184   0.048472   0.006819   0.005431  -0.011918   0.004011   0.001891 
 -0.612253   0.120261   0.165563   0.136937   0.119634  -0.760888   0.021141   0.005942   0.005762  -0.050248   0.038159  -0.006704 
 -0.679255   0.114285   0.151264   0.194061   0.079527  -0.754815  -0.067002  -0.005976  -0.014299   0.057124  -0.040107   0.006073 
 -0.684088   0.110878   0.152926   0.198759   0.082907  -0.743184  -0.004833  -0.003407   0.001662   0.004698   0.003380   0.011631 
 -0.669319   0.115493   0.167361   0.145302   0.132582  -0.755559   0.014769   0.004615   0.014435  -0.053457   0.049675  -0.012375 
 -0.620888   0.120637   0.156834   0.141349   0.129488  -0.762951   0.048431   0.005144  -0.010527  -0.003953  -0.003094  -0.007392 
 -0.723620   0.120260   0.144823   0.193259   0.119347  -0.771831  -0.102732  -0.000377  -0.012011   0.051910  -0.010141  -0.008880 
 -0.689371   0.118110   0.154969   0.200535   0.125363  -0.777446   0.034249  -0.002150   0.010146   0.007276   0.006016  -0.005615 
 -0.670256   0.113288   0.163375   0.196009   0.138140  -0.795094   0.019115  -0.004822   0.008406  -0.004526   0.012777  -0.017648 
 -0.641988   0.127765   0.183064   0.162835   0.147021  -0.822939   0.028268   0.014477   0.019689  -0.033174   0.008881  -0.027845 
 -0.700100   0.120677   0.162071   0.208270   0.134874  -0.796125  -0.058112  -0.007088  -0.020993   0.045435  -0.012147   0.026814 
 -0.731338   0.114621   0.165118   0.214114   0.127082  -0.797099  -0.031238  -0.006056   0.003047   0.005844  -0.007792  -0.000974 
 -0.706592   0.116751   0.166025   0.208041   0.133786  -0.802886   0.024746   0.002130   0.000907  -0.006073   0.006704  -0.005787 
 -0.679234   0.123288   0.177002   0.147823   0.135619  -0.807813   0.027358   0.006537   0.010977  -0.060218   0.001833  -0.004927 
 -0.684343   0.122978   0.166616   0.159569   0.136135  -0.796411  -0.005109  -0.000310  -0.010386   0.011746   0.000516   0.011402 
 -0.731337   0.117758   0.157845   0.209760   0.124905  -0.791197  -0.046994  -0.005220  -0.008771   0.050191  -0.011230   0.005214 
 -0.714165   0.112429   0.163325   0.213484   0.124389  -0.796526   0.017172  -0.005329   0.005480   0.003724  -0.000516  -0.005329 
 -0.672383   0.106308   0.167887   0.139515   0.145990  -0.804891   0.041782  -0.006121   0.004562  -0.073969   0.021601  -0.008365 
 -0.701599   0.116848   0.137375   0.197499   0.146219  -0.807985  -0.029216   0.010540  -0.030512   0.057984   0.000229  -0.003094 
 -0.735341   0.113817   0.142271   0.183576   0.133213  -0.803860  -0.033742  -0.003031   0.004896  -0.013923  -0.013006   0.004125 
 -0.720858   0.116412   0.156466   0.183690   0.137223  -0.803230   0.014483   0.002595   0.014195   0.000114   0.004010   0.000630 
 -0.699399   0.114847   0.171017   0.165699   0.143354  -0.814689   0.021459  -0.001565   0.014551  -0.017991   0.006131  -0.011459 
 -0.685101   0.130884   0.173502   0.140260   0.126738  -0.827122   0.014298   0.016037   0.002485  -0.025439  -0.016616  -0.012433 
