 -0.042530   0.092788   0.140670  -0.076089   0.029393   0.000000   0.000000   0.000000   0.000000   0.000000   0.000000   0.000000 
 -0.097231   0.115835   0.146456  -0.065546   0.047040   0.029221  -0.054701   0.023047   0.005786   0.010543   0.017647   0.029221 
 -0.065295   0.124816   0.188781  -0.072078   0.039419   0.109435   0.031936   0.008981   0.042325  -0.006532  -0.007621   0.080214 
  0.073385   0.140707   0.182069  -0.079240   0.000000   0.000000   0.138680   0.015891  -0.006712  -0.007162  -0.039419  -0.109435 
  0.042872   0.175475   0.144813  -0.072307   0.000000   0.004927  -0.030513   0.034768  -0.037256   0.006933   0.000000   0.004927 
 -0.112585   0.163395   0.162739  -0.082277   0.088866   0.059931  -0.155457  -0.012080   0.017926  -0.009970   0.088866   0.055004 
 -0.120943   0.150554   0.175262  -0.061478   0.059187   0.021142  -0.008358  -0.012841   0.012523   0.020799  -0.029679  -0.038789 
 -0.122582   0.154316   0.168572  -0.060218   0.050019   0.022231  -0.001639   0.003762  -0.006690   0.001260  -0.009168   0.001089 
 -0.104411   0.145724   0.175539  -0.031914   0.046295   0.008709   0.018171  -0.008592   0.006967   0.028304  -0.003724  -0.013522 
  0.044643   0.171813   0.175919  -0.094137   0.000000   0.000000   0.149054   0.026089   0.000380  -0.062223  -0.046295  -0.008709 
  0.128103   0.172480   0.175143  -0.072479   0.000000   0.000000   0.083460   0.000667  -0.000776   0.021658   0.000000   0.000000 
  0.016551   0.158271   0.172863  -0.065432   0.000000   0.000000  -0.111552  -0.014209  -0.002280   0.007047   0.000000   0.000000 
 -0.115099   0.160696   0.165539  -0.060791   0.060218   0.011746  -0.131650   0.002425  -0.007324   0.004641   0.060218   0.011746 
 -0.141609   0.152609   0.165539  -0.059530   0.075745   0.010485  -0.026510  -0.008087   0.000000   0.001261   0.015527  -0.001261 
 -0.115843   0.148619   0.177058  -0.034893   0.067036   0.000057   0.025766  -0.003990   0.011519   0.024637  -0.008709  -0.010428 
 -0.103142   0.147244   0.190928   0.000000   0.055691  -0.041597   0.012701  -0.001375   0.013870   0.034893  -0.011345  -0.041654 
 -0.085816   0.151587   0.159096  -0.040565   0.052540   0.033403   0.017326   0.004343  -0.031832  -0.040565  -0.003151   0.075000 
 -0.189570   0.154587   0.120754  -0.058556   0.066463   0.028705  -0.103754   0.003000  -0.038342  -0.017991   0.013923  -0.004698 
 -0.208817   0.135167   0.153826  -0.033461   0.037414   0.000000  -0.019247  -0.019420   0.033072   0.025095  -0.029049  -0.028705 
 -0.223974   0.153332   0.124620  -0.044232   0.091902  -0.002005  -0.015157   0.018165  -0.029206  -0.010771   0.054488  -0.002005 
 -0.148847   0.135198   0.178858  -0.032028   0.070760   0.016215   0.075127  -0.018134   0.054238   0.012204  -0.021142   0.018220 
 -0.073112   0.149664   0.187466   0.000000   0.065718  -0.053342   0.075735   0.014466   0.008608   0.032028  -0.005042  -0.069557 
 -0.099200   0.149347   0.165591   0.000000   0.072135  -0.021772  -0.026088  -0.000317  -0.021875   0.000000   0.006417   0.031570 
 -0.153236   0.149588   0.122047  -0.042571   0.061020  -0.015928  -0.054036   0.000241  -0.043544  -0.042571  -0.011115   0.005844 
 -0.211697   0.107401   0.103566  -0.031914   0.094595   0.000000  -0.058461  -0.042187  -0.018481   0.010657   0.033575   0.015928 
 -0.226474   0.105480   0.102380  -0.031570   0.096658   0.000000  -0.014777  -0.001921  -0.001186   0.000344   0.002063   0.000000 
 -0.185253   0.135675   0.150053  -0.007162   0.066807  -0.038216   0.041221   0.030195   0.047673   0.024408  -0.029851  -0.038216 
 -0.118491   0.135188   0.180151  -0.032601   0.090642  -0.035122   0.066762  -0.000487   0.030098  -0.025439   0.023835   0.003094 
 -0.167184   0.137385   0.138068   0.000000   0.096314  -0.039534  -0.048693   0.002197  -0.042083   0.032601   0.005672  -0.004412 
 -0.266779   0.136281   0.082603   0.018507   0.105653  -0.047555  -0.099595  -0.001104  -0.055465   0.018507   0.009339  -0.008021 
 -0.240275   0.116708   0.094985  -0.025726   0.073052  -0.011345   0.026504  -0.019573   0.012382  -0.044233  -0.032601   0.036210 
 -0.229742   0.108272   0.160719  -0.020970   0.082678  -0.067953   0.010533  -0.008436   0.065734   0.004756   0.009626  -0.056608 
 -0.153347   0.140436   0.160445   0.000000   0.082219  -0.055290   0.076395   0.032164  -0.000274   0.020970  -0.000459   0.012663 
 -0.152866   0.141771   0.136362   0.000000   0.096314  -0.051738   0.000481   0.001335  -0.024083   0.000000   0.014095   0.003552 
 -0.224208   0.139174   0.087100   0.000000   0.100210  -0.057697  -0.071342  -0.002597  -0.049262   0.000000   0.003896  -0.005959 
 -0.268041   0.135535   0.088617  -0.033403   0.114420  -0.055863  -0.043833  -0.003639   0.001517  -0.033403   0.014210   0.001834 
 -0.257043   0.144245   0.094245  -0.020111   0.094080  -0.056780   0.010998   0.008710   0.005628   0.013292  -0.020340  -0.000917 
 -0.250457   0.110764   0.119372  -0.018220   0.110409  -0.074599   0.006586  -0.033481   0.025127   0.001891   0.016329  -0.017819 
 -0.194771   0.138543   0.137364  -0.015183   0.086860  -0.059702   0.055686   0.027779   0.017992   0.003037  -0.023549   0.014897 
 -0.124615   0.145928   0.138162   0.000000   0.083079  -0.055119   0.070156   0.007385   0.000798   0.015183  -0.003781   0.004583 
 -0.212481   0.144442   0.080256   0.000000   0.120665  -0.063484  -0.087866  -0.001486  -0.057906   0.000000   0.037586  -0.008365 
 -0.297129   0.133596   0.052014  -0.009053   0.115165  -0.067781  -0.084648  -0.010846  -0.028242  -0.009053  -0.005500  -0.004297 
 -0.299074   0.112671   0.078216  -0.025955   0.110753  -0.063140  -0.001945  -0.020925   0.026202  -0.016902  -0.004412   0.004641 
 -0.235072   0.112885   0.103590   0.001261   0.072422  -0.076031   0.064002   0.000214   0.025374   0.027216  -0.038331  -0.012891 
 -0.128710   0.144483   0.138071   0.000000   0.080329  -0.077578   0.106362   0.031598   0.034481  -0.001261   0.007907  -0.001547 
 -0.237085   0.134045   0.053470   0.020225   0.048472  -0.104278  -0.108375  -0.010438  -0.084601   0.020225  -0.031857  -0.026700 
 -0.210039   0.119347   0.057319  -0.002750   0.069328  -0.062452   0.027046  -0.014698   0.003849  -0.022975   0.020856   0.041826 
 -0.319608   0.129388   0.050824   0.042571   0.058384  -0.071505  -0.109569   0.010041  -0.006495   0.045321  -0.010944  -0.009053 
 -0.321034   0.112150   0.079025  -0.001948   0.071276  -0.068812  -0.001426  -0.017238   0.028201  -0.044519   0.012892   0.002693 
 -0.231837   0.101054   0.084807  -0.036784   0.101471  -0.054717   0.089197  -0.011096   0.005782  -0.034836   0.030195   0.014095 
 -0.154968   0.127526   0.092069   0.000000   0.085657  -0.060619   0.076869   0.026472   0.007262   0.036784  -0.015814  -0.005902 
 -0.244441   0.139338   0.082717   0.000000   0.059187  -0.068010  -0.089473   0.011812  -0.009352   0.000000  -0.026470  -0.007391 
 -0.311255   0.131937   0.081623   0.000000   0.096773  -0.070760  -0.066814  -0.007401  -0.001094   0.000000   0.037586  -0.002750 
 -0.313699   0.119622   0.036685   0.048415   0.070703  -0.068354  -0.002444  -0.012315  -0.044938   0.048415  -0.026070   0.002406 
 -0.279853   0.109257   0.065430   0.000000   0.105138  -0.070359   0.033846  -0.010365   0.028745  -0.048415   0.034435  -0.002005 
 -0.180105   0.111938   0.103374  -0.025382   0.080730  -0.071219   0.099748   0.002681   0.037944  -0.025382  -0.024408  -0.000860 
 -0.175746   0.159277   0.090248   0.000000   0.121410  -0.074886   0.004359   0.047339  -0.013126   0.025382   0.040680  -0.003667 
 -0.303650   0.130978   0.040262   0.000000   0.140776  -0.073854  -0.127904  -0.028299  -0.049986   0.000000   0.019366   0.001032 
 -0.348286   0.125540   0.034397   0.047441   0.077407  -0.077922  -0.044636  -0.005438  -0.005865   0.047441  -0.063369  -0.004068 
 -0.352997   0.126988   0.037505   0.055233   0.082735  -0.080329  -0.004711   0.001448   0.003108   0.007792   0.005328  -0.002407 
 -0.339369   0.114571   0.067239   0.013808   0.124561  -0.093449   0.013628  -0.012417   0.029734  -0.041425   0.041826  -0.013120 
 -0.251949   0.133994   0.099893  -0.012319   0.119175  -0.099236   0.087420   0.019423   0.032654  -0.026127  -0.005386  -0.005787 
 -0.216953   0.119895   0.128714  -0.021543   0.144099  -0.103018   0.034996  -0.014099   0.028821  -0.009224   0.024924  -0.003782 
 -0.264874   0.140343   0.106143   0.000000   0.133442  -0.108346  -0.047921   0.020448  -0.022571   0.021543  -0.010657  -0.005328 
 -0.318930   0.126283   0.072541   0.006875   0.122556  -0.105768  -0.054056  -0.014060  -0.033602   0.006875  -0.010886   0.002578 
 -0.336411   0.120954   0.079933   0.011115   0.134645  -0.119920  -0.017481  -0.005329   0.007392   0.004240   0.012089  -0.014152 
 -0.328510   0.110208   0.117907   0.000000   0.149657  -0.133614   0.007901  -0.010746   0.037974  -0.011115   0.015012  -0.013694 
 -0.285126   0.126094   0.126454   0.000000   0.142552  -0.128514   0.043384   0.015886   0.008547   0.000000  -0.007105   0.005100 
 -0.291608   0.122558   0.127507   0.000000   0.143297  -0.148281  -0.006482  -0.003536   0.001053   0.000000   0.000745  -0.019767 
 -0.346060   0.138076   0.099088   0.000000   0.160887  -0.136421  -0.054452   0.015518  -0.028419   0.000000   0.017590   0.011860 
 -0.379020   0.096036   0.066317  -0.012949   0.187013  -0.187873  -0.032960  -0.042040  -0.032771  -0.012949   0.026126  -0.051452 
 -0.378957   0.113987   0.065045   0.000000   0.186440  -0.163121   0.000063   0.017951  -0.001272   0.012949  -0.000573   0.024752 
 -0.339823   0.111325   0.086835   0.000000   0.145188  -0.155100   0.039134  -0.002662   0.021790   0.000000  -0.041252   0.008021 
 -0.232265   0.118933   0.176938  -0.027617   0.156589  -0.163121   0.107558   0.007608   0.090103  -0.027617   0.011401  -0.008021 
 -0.206912   0.137019   0.175100  -0.002235   0.142323  -0.211307   0.025353   0.018086  -0.001838   0.025382  -0.014266  -0.048186 
 -0.338681   0.136451   0.135922   0.009626   0.152063  -0.179622  -0.131769  -0.000568  -0.039178   0.011861   0.009740   0.031685 
 -0.393328   0.127626   0.129794   0.016272   0.175325  -0.184091  -0.054647  -0.008825  -0.006128   0.006646   0.023262  -0.004469 
 -0.370124   0.102470   0.141694  -0.009969   0.191024  -0.204489   0.023204  -0.025156   0.011900  -0.026241   0.015699  -0.020398 
 -0.364723   0.117591   0.104833   0.023147   0.181685  -0.192342   0.005401   0.015121  -0.036861   0.033116  -0.009339   0.012147 
 -0.294284   0.126984   0.150914   0.000000   0.176528  -0.180997   0.070439   0.009393   0.046081  -0.023147  -0.005157   0.011345 
 -0.263974   0.126145   0.158972  -0.025382   0.163408  -0.188446   0.030310  -0.000839   0.008058  -0.025382  -0.013120  -0.007449 
 -0.327470   0.131507   0.136797   0.000000   0.185409  -0.196467  -0.063496   0.005362  -0.022175   0.025382   0.022001  -0.008021 
 -0.394352   0.137955   0.104527   0.022976   0.204489  -0.193946  -0.066882   0.006448  -0.032270   0.022976   0.019080   0.002521 
 -0.406470   0.122414   0.115098   0.020856   0.206494  -0.215489  -0.012118  -0.015541   0.010571  -0.002120   0.002005  -0.021543 
 -0.400841   0.124084   0.111644   0.026986   0.184034  -0.207583   0.005629   0.001670  -0.003454   0.006130  -0.022460   0.007906 
 -0.335695   0.125549   0.146193   0.031685   0.183919  -0.228725   0.065146   0.001465   0.034549   0.004699  -0.000115  -0.021142 
 -0.257703   0.131351   0.144401   0.010714   0.212052  -0.252789   0.077992   0.005802  -0.001792  -0.020971   0.028133  -0.024064 
 -0.354234   0.124664   0.114195   0.018277   0.201910  -0.248148  -0.096531  -0.006687  -0.030206   0.007563  -0.010142   0.004641 
 -0.437756   0.124145   0.070782   0.004870   0.243564  -0.252846  -0.083522  -0.000519  -0.043413  -0.013407   0.041654  -0.004698 
 -0.459073   0.121833   0.061790   0.047899   0.226433  -0.274332  -0.021317  -0.002312  -0.008992   0.043029  -0.017131  -0.021486 
 -0.406648   0.117158   0.116172   0.041826   0.231590  -0.272671   0.052425  -0.004675   0.054382  -0.006073   0.005157   0.001661 
 -0.318106   0.112353   0.120401   0.000000   0.243278  -0.305730   0.088542  -0.004805   0.004229  -0.041826   0.011688  -0.033059 
 -0.391577   0.121930   0.055181   0.000745   0.260409  -0.295818  -0.073471   0.009577  -0.065220   0.000745   0.017131   0.009912 
 -0.469780   0.113365   0.058544   0.013121   0.245455  -0.302235  -0.078203  -0.008565   0.003363   0.012376  -0.014954  -0.006417 
 -0.479265   0.124666   0.062026   0.022231   0.280577  -0.301662  -0.009485   0.011301   0.003482   0.009110   0.035122   0.000573 
 -0.413819   0.113301   0.068819   0.016100   0.296047  -0.318507   0.065446  -0.011365   0.006793  -0.006131   0.015470  -0.016845 
 -0.355717   0.124902   0.065243   0.000630   0.280291  -0.326872   0.058102   0.011601  -0.003576  -0.015470  -0.015756  -0.008365 
 -0.434782   0.122662   0.052265   0.006016   0.315241  -0.345035  -0.079065  -0.002240  -0.012978   0.005386   0.034950  -0.018163 
 -0.505229   0.114666   0.053906   0.000000   0.339649  -0.337472  -0.070447  -0.007996   0.001641  -0.006016   0.024408   0.007563 
 -0.511167   0.103660   0.060189   0.000000   0.378324  -0.347900  -0.005938  -0.011006   0.006283   0.000000   0.038675  -0.010428 
 -0.418839   0.117701   0.076304   0.000000   0.346697  -0.349504   0.092328   0.014041   0.016115   0.000000  -0.031627  -0.001604 
 -0.373319   0.131250   0.061294   0.000000   0.342400  -0.339879   0.045520   0.013549  -0.015010   0.000000  -0.004297   0.009625 
 -0.453503   0.129118   0.041164   0.005615   0.328018  -0.388523  -0.080184  -0.002132  -0.020130   0.005615  -0.014382  -0.048644 
 -0.489266   0.136379   0.041876   0.018449   0.320799  -0.401529  -0.035763   0.007261   0.000712   0.012834  -0.007219  -0.013006 
 -0.433538   0.111578   0.055676  -0.017590   0.308423  -0.396086   0.055728  -0.024801   0.013800  -0.036039  -0.012376   0.005443 
 -0.473693   0.113694   0.067250  -0.030653   0.332487  -0.358442  -0.040155   0.002116   0.011574  -0.013063   0.024064   0.037644 
 -0.536836   0.107784   0.061028  -0.009339   0.330711  -0.378496  -0.063143  -0.005910  -0.006222   0.021314  -0.001776  -0.020054 
 -0.493745   0.112695   0.071680   0.000000   0.343087  -0.362740   0.043091   0.004911   0.010652   0.009339   0.012376   0.015756 
 -0.369582   0.109887   0.074465  -0.011975   0.326758  -0.408462   0.124163  -0.002808   0.002785  -0.011975  -0.016329  -0.045722 
 -0.412276   0.123512   0.060936   0.000000   0.353228  -0.362969  -0.042694   0.013625  -0.013529   0.011975   0.026470   0.045493 
 -0.492007   0.128640   0.055192   0.002578   0.352484  -0.383996  -0.079731   0.005128  -0.005744   0.002578  -0.000744  -0.021027 
 -0.510827   0.110759   0.054064   0.000000   0.361708  -0.377522  -0.018820  -0.017881  -0.001128  -0.002578   0.009224   0.006474 
 -0.531746   0.100037   0.065358   0.008537   0.373740  -0.389439  -0.020919  -0.010722   0.011294   0.008537   0.012032  -0.011917 
 -0.474713   0.114201   0.082617   0.019022   0.350994  -0.384111   0.057033   0.014164   0.017259   0.010485  -0.022746   0.005328 
 -0.399381   0.136000   0.090500   0.000000   0.359302  -0.358156   0.075332   0.021799   0.007883  -0.019022   0.008308   0.025955 
 -0.460488   0.127804   0.078387   0.000000   0.375688  -0.358901  -0.061107  -0.008196  -0.012113   0.000000   0.016386  -0.000745 
 -0.536085   0.112748   0.075368   0.007506   0.368985  -0.382449  -0.075597  -0.015056  -0.003019   0.007506  -0.006703  -0.023548 
 -0.551084   0.106204   0.072975   0.014668   0.373110  -0.382392  -0.014999  -0.006544  -0.002393   0.007162   0.004125   0.000057 
 -0.498771   0.130159   0.071188   0.018965   0.368068  -0.378782   0.052313   0.023955  -0.001787   0.004297  -0.005042   0.003610 
 -0.377520   0.121757   0.074249   0.000000   0.362740  -0.401930   0.121251  -0.008402   0.003061  -0.018965  -0.005328  -0.023148 
 -0.454808   0.126384   0.053118  -0.002063   0.371907  -0.374199  -0.077288   0.004627  -0.021131  -0.002063   0.009167   0.027731 
 -0.543847   0.106236   0.071421  -0.000229   0.387835  -0.385314  -0.089039  -0.020148   0.018303   0.001834   0.015928  -0.011115 
 -0.533113   0.105967   0.084911   0.015241   0.378381  -0.387033   0.010734  -0.000269   0.013490   0.015470  -0.009454  -0.001719 
 -0.498183   0.106504   0.085555   0.008308   0.354718  -0.384798   0.034930   0.000537   0.000644  -0.006933  -0.023663   0.002235 
 -0.386462   0.124875   0.084235   0.000000   0.382850  -0.362167   0.111721   0.018371  -0.001320  -0.008308   0.028132   0.022631 
 -0.449780   0.120970   0.068227  -0.003610   0.371449  -0.387148  -0.063318  -0.003905  -0.016008  -0.003610  -0.011401  -0.024981 
 -0.546048   0.111870   0.068094   0.011631   0.394138  -0.396372  -0.096268  -0.009100  -0.000133   0.015241   0.022689  -0.009224 
 -0.548081   0.103919   0.068704   0.016730   0.411384  -0.407545  -0.002033  -0.007951   0.000610   0.005099   0.017246  -0.011173 
 -0.531106   0.110940   0.071100   0.023835   0.414821  -0.392132   0.016975   0.007021   0.002396   0.007105   0.003437   0.015413 
 -0.429244   0.114931   0.085917   0.008021   0.399122  -0.407316   0.101862   0.003991   0.014817  -0.015814  -0.015699  -0.015184 
 -0.443082   0.116507   0.071224   0.000286   0.380559  -0.405368  -0.013838   0.001576  -0.014693  -0.007735  -0.018563   0.001948 
 -0.532795   0.108828   0.070355   0.005615   0.413504  -0.421697  -0.089713  -0.007679  -0.000869   0.005329   0.032945  -0.016329 
 -0.537201   0.104107   0.067648   0.008537   0.410868  -0.426911  -0.004406  -0.004721  -0.002707   0.002922  -0.002636  -0.005214 
 -0.554795   0.098292   0.067568   0.013579   0.423301  -0.435047  -0.017594  -0.005815  -0.000080   0.005042   0.012433  -0.008136 
 -0.552960   0.087680   0.073897   0.021199   0.415394  -0.411957   0.001835  -0.010612   0.006329   0.007620  -0.007907   0.023090 
 -0.443195   0.111171   0.095512   0.013694   0.420035  -0.424848   0.109765   0.023491   0.021615  -0.007505   0.004641  -0.012891 
 -0.414631   0.119814   0.072628  -0.010714   0.446964  -0.417285   0.028564   0.008643  -0.022884  -0.024408   0.026929   0.007563 
 -0.527899   0.104237   0.055376  -0.004641   0.467534  -0.458653  -0.113268  -0.015577  -0.017252   0.006073   0.020570  -0.041368 
 -0.566517   0.106469   0.066925  -0.003495   0.469252  -0.448053  -0.038618   0.002232   0.011549   0.001146   0.001718   0.010600 
 -0.568686   0.092442   0.074894   0.018163   0.426567  -0.460486  -0.002169  -0.014027   0.007969   0.021658  -0.042685  -0.012433 
 -0.520032   0.100790   0.096669   0.000917   0.474753  -0.465987   0.048654   0.008348   0.021775  -0.017246   0.048186  -0.005501 
 -0.440440   0.111816   0.089819  -0.000516   0.458424  -0.456647   0.079592   0.011026  -0.006850  -0.001433  -0.016329   0.009340 
 -0.481347   0.109504   0.071097   0.000115   0.446449  -0.468221  -0.040907  -0.002312  -0.018722   0.000631  -0.011975  -0.011574 
 -0.562169   0.115502   0.075953   0.006417   0.421697  -0.441349  -0.080822   0.005998   0.004856   0.006302  -0.024752   0.026872 
 -0.574087   0.103720   0.072286   0.012720   0.421869  -0.428802  -0.011918  -0.011782  -0.003667   0.006303   0.000172   0.012547 
 -0.585319   0.088402   0.058539   0.018678   0.425593  -0.435677  -0.011232  -0.015318  -0.013747   0.005958   0.003724  -0.006875 
 -0.467438   0.108138   0.068181   0.011345   0.446792  -0.425593   0.117881   0.019736   0.009642  -0.007333   0.021199   0.010084 
 -0.442094   0.116191   0.067349   0.005901   0.454699  -0.430349   0.025344   0.008053  -0.000832  -0.005444   0.007907  -0.004756 
 -0.531187   0.102787   0.056039  -0.002636   0.449543  -0.433443  -0.089093  -0.013404  -0.011310  -0.008537  -0.005156  -0.003094 
 -0.580350   0.093697   0.055965   0.006016   0.461116  -0.450975  -0.049163  -0.009090  -0.000074   0.008652   0.011573  -0.017532 
 -0.570139   0.091130   0.064767   0.014037   0.468221  -0.457793   0.010211  -0.002567   0.008802   0.008021   0.007105  -0.006818 
 -0.494073   0.103418   0.089059   0.006188   0.457220  -0.434990   0.076066   0.012288   0.024292  -0.007849  -0.011001   0.022803 
 -0.457259   0.102879   0.075168   0.003667   0.454241  -0.452407   0.036814  -0.000539  -0.013891  -0.002521  -0.002979  -0.017417 
 -0.516803   0.108139   0.052656   0.003151   0.468737  -0.443527  -0.059544   0.005260  -0.022512  -0.000516   0.014496   0.008880 
 -0.560591   0.091513   0.051752   0.002005   0.483863  -0.469081  -0.043788  -0.016626  -0.000904  -0.001146   0.015126  -0.025554 
 -0.586036   0.095482   0.061386  -0.001547   0.517839  -0.472175  -0.025445   0.003969   0.009634  -0.003552   0.033976  -0.003094 
 -0.543861   0.070792   0.079404   0.016157   0.468966  -0.486155   0.042175  -0.024690   0.018018   0.017704  -0.048873  -0.013980 
 -0.437429   0.109000   0.082941  -0.004240   0.486842  -0.462090   0.106432   0.038208   0.003537  -0.020397   0.017876   0.024065 
 -0.493734   0.098832   0.050922  -0.007907   0.503573  -0.486441  -0.056305  -0.010168  -0.032019  -0.003667   0.016731  -0.024351 
 -0.568666   0.093610   0.039455  -0.011574   0.518470  -0.466273  -0.074932  -0.005222  -0.011467  -0.003667   0.014897   0.020168 
 -0.594017   0.086093   0.047263   0.006360   0.491598  -0.489077  -0.025351  -0.007517   0.007808   0.017934  -0.026872  -0.022804 
 -0.582140   0.084642   0.056026   0.014496   0.493546  -0.493259   0.011877  -0.001451   0.008763   0.008136   0.001948  -0.004182 
 -0.526832   0.089590   0.075571   0.014496   0.499218  -0.498187   0.055308   0.004948   0.019545   0.000000   0.005672  -0.004928 
 -0.484742   0.109016   0.065170   0.002177   0.490681  -0.482316   0.042090   0.019426  -0.010401  -0.012319  -0.008537   0.015871 
 -0.518765   0.104337   0.045142   0.000859   0.481342  -0.485696  -0.034023  -0.004679  -0.020028  -0.001318  -0.009339  -0.003380 
 -0.594740   0.096240   0.039951  -0.015584   0.526892  -0.502026  -0.075975  -0.008097  -0.005191  -0.016443   0.045550  -0.016330 
 -0.604861   0.083500   0.039132   0.011688   0.504317  -0.497614  -0.010121  -0.012740  -0.000819   0.027272  -0.022575   0.004412 
 -0.595290   0.084322   0.053169   0.008422   0.505807  -0.496239   0.009571   0.000822   0.014037  -0.003266   0.001490   0.001375 
 -0.501478   0.099715   0.066429   0.006704   0.493030  -0.501682   0.093812   0.015393   0.013260  -0.001718  -0.012777  -0.005443 
 -0.465673   0.103281   0.052798  -0.012892   0.497270  -0.502885   0.035805   0.003566  -0.013631  -0.019596   0.004240  -0.001203 
 -0.568272   0.095388   0.027270  -0.005959   0.515490  -0.503916  -0.102599  -0.007893  -0.025528   0.006933   0.018220  -0.001031 
 -0.627526   0.082304   0.023631  -0.002578   0.512110  -0.509359  -0.059254  -0.013084  -0.003639   0.003381  -0.003380  -0.005443 
 -0.649977   0.088283   0.030926   0.006474   0.495952  -0.505291  -0.022451   0.005979   0.007295   0.009052  -0.016158   0.004068 
 -0.579905   0.086336   0.047782   0.005329   0.502198  -0.509016   0.070072  -0.001947   0.016856  -0.001145   0.006246  -0.003725 
 -0.481394   0.103433   0.039940  -0.001203   0.509990  -0.515547   0.098511   0.017097  -0.007842  -0.006532   0.007792  -0.006531 
 -0.534697   0.088652   0.024919  -0.011402   0.510677  -0.518068  -0.053303  -0.014781  -0.015021  -0.010199   0.000687  -0.002521 
