  0.105508   0.135653   0.051400  -0.100210  -0.033518  -0.033461   0.000000   0.000000   0.000000   0.000000   0.000000   0.000000 
  0.062062   0.126629   0.036848  -0.085313  -0.039190  -0.051509  -0.043446  -0.009024  -0.014552   0.014897  -0.005672  -0.018048 
  0.136968   0.141479   0.021303  -0.067151  -0.051108  -0.039591   0.074906   0.014850  -0.015545   0.018162  -0.011918   0.011918 
  0.221694   0.148923   0.088282  -0.120665  -0.038560  -0.056150   0.084726   0.007444   0.066979  -0.053514   0.012548  -0.016559 
  0.332040   0.122486   0.161840  -0.158938   0.000000  -0.097059   0.110346  -0.026437   0.073558  -0.038273   0.038560  -0.040909 
  0.028404   0.149351   0.094537  -0.110695  -0.057983  -0.141979  -0.303636   0.026865  -0.067303   0.048243  -0.057983  -0.044920 
  0.040489   0.154606   0.084006  -0.088465  -0.071276  -0.040279   0.012085   0.005255  -0.010531   0.022230  -0.013293   0.101700 
  0.114607   0.134939   0.116423  -0.122384  -0.080157  -0.034893   0.074118  -0.019667   0.032417  -0.033919  -0.008881   0.005386 
  0.234049   0.122085   0.241530  -0.189420  -0.045378  -0.085829   0.119442  -0.012854   0.125107  -0.067036   0.034779  -0.050936 
  0.075874   0.140429   0.201629  -0.181112  -0.074542  -0.063541  -0.158175   0.018344  -0.039901   0.008308  -0.029164   0.022288 
 -0.014692   0.131809   0.131599  -0.127311  -0.091559  -0.140145  -0.090566  -0.008620  -0.070030   0.053801  -0.017017  -0.076604 
  0.070544   0.141615   0.112366  -0.111612  -0.079698  -0.047326   0.085236   0.009806  -0.019233   0.015699   0.011861   0.092819 
  0.174270   0.150889   0.173564  -0.109148  -0.080558  -0.061536   0.103726   0.009274   0.061198   0.002464  -0.000860  -0.014210 
  0.098251   0.144855   0.140473  -0.118946  -0.080271  -0.061536  -0.076019  -0.006034  -0.033091  -0.009798   0.000287   0.000000 
  0.077019   0.145841   0.106418  -0.110810  -0.103992  -0.053285  -0.021232   0.000986  -0.034055   0.008136  -0.023721   0.008251 
  0.111609   0.133997   0.137875  -0.109435  -0.115336  -0.051337   0.034590  -0.011844   0.031457   0.001375  -0.011344   0.001948 
  0.182477   0.151758   0.204109  -0.134874  -0.092475  -0.079183   0.070868   0.017761   0.066234  -0.025439   0.022861  -0.027846 
  0.091264   0.143052   0.153031  -0.108461  -0.107888  -0.064114  -0.091213  -0.008706  -0.051078   0.026413  -0.015413   0.015069 
 -0.091566   0.150162   0.104560  -0.065661  -0.180539  -0.059473  -0.182830   0.007110  -0.048471   0.042800  -0.072651   0.004641 
  0.071181   0.146681   0.139667  -0.102559  -0.103304  -0.064171   0.162747  -0.003481   0.035107  -0.036898   0.077235  -0.004698 
  0.164322   0.152010   0.208406  -0.147365  -0.105596  -0.080386   0.093141   0.005329   0.068739  -0.044806  -0.002292  -0.016215 
  0.040747   0.148146   0.170311  -0.108576  -0.117628  -0.093048  -0.123575  -0.003864  -0.038095   0.038789  -0.012032  -0.012662 
  0.026756   0.145652   0.126144  -0.101700  -0.119233  -0.058384  -0.013991  -0.002494  -0.044167   0.006876  -0.001605   0.034664 
  0.094033   0.126343   0.177222  -0.128916  -0.097403  -0.059530   0.067277  -0.019309   0.051078  -0.027216   0.021830  -0.001146 
  0.190611   0.128063   0.246270  -0.145990  -0.093507  -0.092647   0.096578   0.001720   0.069048  -0.017074   0.003896  -0.033117 
  0.061444   0.139603   0.191667  -0.107315  -0.083766  -0.079985  -0.129167   0.011540  -0.054603   0.038675   0.009741   0.012662 
  0.017570   0.131733   0.142400  -0.097747  -0.108289  -0.061077  -0.043874  -0.007870  -0.049267   0.009568  -0.024523   0.018908 
  0.040712   0.134542   0.141659  -0.092074  -0.114763  -0.057296   0.023142   0.002809  -0.000741   0.005673  -0.006474   0.003781 
  0.166023   0.128217   0.207355  -0.113216  -0.126394  -0.081245   0.125311  -0.006325   0.065696  -0.021142  -0.011631  -0.023949 
  0.139008   0.143840   0.245347  -0.095741  -0.111669  -0.096601  -0.027015   0.015623   0.037992   0.017475   0.014725  -0.015356 
 -0.010194   0.143349   0.186778  -0.087605  -0.124733  -0.104106  -0.149202  -0.000491  -0.058569   0.008136  -0.013064  -0.007505 
  0.027508   0.151226   0.200953  -0.081589  -0.140948  -0.062109   0.037702   0.007877   0.014175   0.006016  -0.016215   0.041997 
  0.180117   0.145220   0.296438  -0.118201  -0.132812  -0.086058   0.152609  -0.006006   0.095485  -0.036612   0.008136  -0.023949 
  0.168806   0.148492   0.294398  -0.121639  -0.135333  -0.089038  -0.011311   0.003272  -0.002040  -0.003438  -0.002521  -0.002980 
  0.026857   0.131602   0.253652  -0.104106  -0.137911  -0.064400  -0.141949  -0.016890  -0.040746   0.017533  -0.002578   0.024638 
  0.035927   0.138231   0.241225  -0.073912  -0.138312  -0.062739   0.009070   0.006629  -0.012427   0.030194  -0.000401   0.001661 
  0.110602   0.124970   0.273345  -0.084912  -0.125191  -0.072193   0.074675  -0.013261   0.032120  -0.011000   0.013121  -0.009454 
  0.233095   0.155208   0.346105  -0.132009  -0.124905  -0.109836   0.122493   0.030238   0.072760  -0.047097   0.000286  -0.037643 
  0.118595   0.151907   0.302989  -0.111899  -0.094137  -0.092819  -0.114500  -0.003301  -0.043116   0.020110   0.030768   0.017017 
  0.026363   0.147580   0.234463  -0.066406  -0.123415  -0.073568  -0.092232  -0.004327  -0.068526   0.045493  -0.029278   0.019251 
  0.052425   0.151195   0.215747  -0.063713  -0.099294  -0.063426   0.026062   0.003615  -0.018716   0.002693   0.024121   0.010142 
  0.137754   0.129784   0.291575  -0.083365  -0.110466  -0.085199   0.085329  -0.021411   0.075828  -0.019652  -0.011172  -0.021773 
  0.214608   0.169338   0.309004  -0.113560  -0.121009  -0.111784   0.076854   0.039554   0.017429  -0.030195  -0.010543  -0.026585 
  0.027626   0.157163   0.281093  -0.076203  -0.140776  -0.083308  -0.186982  -0.012175  -0.027911   0.037357  -0.019767   0.028476 
  0.035309   0.157030   0.274498  -0.068526  -0.113102  -0.079756   0.007683  -0.000133  -0.006595   0.007677   0.027674   0.003552 
  0.074927   0.149837   0.286649  -0.076203  -0.130291  -0.081417   0.039618  -0.007193   0.012151  -0.007677  -0.017189  -0.001661 
  0.186265   0.132739   0.320730  -0.123129  -0.130520  -0.104565   0.111338  -0.017098   0.034081  -0.046926  -0.000229  -0.023148 
  0.065234   0.157467   0.261857  -0.084912  -0.143641  -0.112300  -0.121031   0.024728  -0.058873   0.038217  -0.013121  -0.007735 
 -0.010641   0.150066   0.220104  -0.079813  -0.142094  -0.110065  -0.075875  -0.007401  -0.041753   0.005099   0.001547   0.002235 
  0.074545   0.153361   0.224133  -0.073339  -0.163751  -0.077693   0.085186   0.003295   0.004029   0.006474  -0.021657   0.032372 
  0.192255   0.178021   0.284217  -0.091501  -0.159053  -0.109206   0.117710   0.024660   0.060084  -0.018162   0.004698  -0.031513 
  0.112032   0.145827   0.273280  -0.087491  -0.151547  -0.112242  -0.080223  -0.032194  -0.010937   0.004010   0.007506  -0.003036 
 -0.037035   0.159822   0.249331  -0.073510  -0.166903  -0.110925  -0.149067   0.013995  -0.023949   0.013981  -0.015356   0.001317 
  0.082610   0.157384   0.266253  -0.084626  -0.163809  -0.080615   0.119645  -0.002438   0.016922  -0.011116   0.003094   0.030310 
  0.173093   0.169735   0.307591  -0.069614  -0.163236  -0.120264   0.090483   0.012351   0.041338   0.015012   0.000573  -0.039649 
  0.061533   0.145645   0.275186  -0.087376  -0.151662  -0.101471  -0.111560  -0.024090  -0.032405  -0.017762   0.011574   0.018793 
 -0.010572   0.158992   0.241808  -0.074370  -0.167017  -0.113274  -0.072105   0.013347  -0.033378   0.013006  -0.015355  -0.011803 
  0.126139   0.164674   0.289279  -0.079297  -0.179794  -0.123014   0.136711   0.005682   0.047471  -0.004927  -0.012777  -0.009740 
  0.163323   0.169706   0.308463  -0.071906  -0.177789  -0.110524   0.037184   0.005032   0.019184   0.007391   0.002005   0.012490 
 -0.009976   0.155918   0.264593  -0.080157  -0.155845  -0.106627  -0.173299  -0.013788  -0.043870  -0.008251   0.021944   0.003897 
  0.028869   0.152264   0.238996  -0.080214  -0.130119  -0.101815   0.038845  -0.003654  -0.025597  -0.000057   0.025726   0.004812 
  0.173428   0.130558   0.341319  -0.123988  -0.162720  -0.103419   0.144559  -0.021706   0.102323  -0.043774  -0.032601  -0.001604 
  0.116530   0.161982   0.316039  -0.119290  -0.163350  -0.141578  -0.056898   0.031424  -0.025280   0.004698  -0.000630  -0.038159 
 -0.008060   0.162752   0.292484  -0.089038  -0.147136  -0.089668  -0.124590   0.000770  -0.023555   0.030252   0.016214   0.051910 
  0.053821   0.155878   0.280750  -0.103075  -0.162605  -0.081761   0.061881  -0.006874  -0.011734  -0.014037  -0.015469   0.007907 
  0.192797   0.135852   0.322671  -0.121352  -0.162319  -0.109492   0.138976  -0.020026   0.041921  -0.018277   0.000286  -0.027731 
  0.136982   0.162609   0.303397  -0.112873  -0.160829  -0.126796  -0.055815   0.026757  -0.019274   0.008479   0.001490  -0.017304 
 -0.010907   0.160793   0.273390  -0.086345  -0.154813  -0.115336  -0.147889  -0.001816  -0.030007   0.026528   0.006016   0.011460 
  0.118636   0.165930   0.269545  -0.087949  -0.140203  -0.061708   0.129543   0.005137  -0.003845  -0.001604   0.014610   0.053628 
  0.208825   0.126917   0.355395  -0.131723  -0.171544  -0.087720   0.090189  -0.039013   0.085850  -0.043774  -0.031341  -0.026012 
  0.132773   0.149349   0.311817  -0.108977  -0.183461  -0.074542  -0.076052   0.022432  -0.043578   0.022746  -0.011917   0.013178 
 -0.003447   0.147149   0.272185  -0.084168  -0.183805  -0.057296  -0.136220  -0.002200  -0.039632   0.024809  -0.000344   0.017246 
 -0.080217   0.114673   0.561328  -0.229985  -0.188732   0.094653  -0.076770  -0.032476   0.289143  -0.145817  -0.004927   0.151949 
  0.141524   0.132613   0.300265  -0.146563   0.000000  -0.036669   0.221741   0.017940  -0.261063   0.083422   0.188732  -0.131322 
  0.046317   0.153561   0.154420  -0.060103  -0.089267  -0.119805  -0.095207   0.020948  -0.145845   0.086460  -0.089267  -0.083136 
 -0.028904   0.170551   0.144960  -0.039248  -0.100955  -0.082907  -0.075221   0.016990  -0.009460   0.020855  -0.011688   0.036898 
  0.039402   0.147492   0.129607  -0.048186  -0.135275  -0.100153   0.068306  -0.023059  -0.015353  -0.008938  -0.034320  -0.017246 
  0.191492   0.180594   0.179385  -0.044691  -0.127197  -0.097517   0.152090   0.033102   0.049778   0.003495   0.008078   0.002636 
  0.087004   0.154649   0.168193  -0.037357  -0.114420  -0.084053  -0.104488  -0.025945  -0.011192   0.007334   0.012777   0.013464 
 -0.014946   0.154631   0.162771  -0.052025  -0.121696  -0.142724  -0.101950  -0.000018  -0.005422  -0.014668  -0.007276  -0.058671 
  0.094712   0.156792   0.159893  -0.060218  -0.160600  -0.061478   0.109658   0.002161  -0.002878  -0.008193  -0.038904   0.081246 
  0.173971   0.137511   0.240775  -0.077235  -0.151662  -0.094595   0.079259  -0.019281   0.080882  -0.017017   0.008938  -0.033117 
  0.118220   0.161092   0.223683  -0.056436  -0.157162  -0.071906  -0.055751   0.023581  -0.017092   0.020799  -0.005500   0.022689 
 -0.008726   0.138783   0.218800  -0.042857  -0.151261  -0.095512  -0.126946  -0.022309  -0.004883   0.013579   0.005901  -0.023606 
  0.069322   0.157180   0.216436  -0.053285  -0.166903  -0.056780   0.078048   0.018397  -0.002364  -0.010428  -0.015642   0.038732 
  0.153998   0.131836   0.285118  -0.079813  -0.160715  -0.064744   0.084676  -0.025344   0.068682  -0.026528   0.006188  -0.007964 
  0.141441   0.135153   0.305131  -0.075688  -0.159282  -0.084053  -0.012557   0.003317   0.020013   0.004125   0.001433  -0.019309 
  0.012749   0.153174   0.276314  -0.059817  -0.150459  -0.091902  -0.128692   0.018021  -0.028817   0.015871   0.008823  -0.007849 
 -0.014068   0.143731   0.257464  -0.056666  -0.148969  -0.142208  -0.026817  -0.009443  -0.018850   0.003151   0.001490  -0.050306 
  0.128512   0.130277   0.299224  -0.079584  -0.180711  -0.054775   0.142580  -0.013454   0.041760  -0.022918  -0.031742   0.087433 
  0.253091   0.170883   0.324870  -0.152636  -0.109263  -0.062739   0.124579   0.040606   0.025646  -0.073052   0.071448  -0.007964 
  0.097607   0.156100   0.305667  -0.147078  -0.107315  -0.031283  -0.155484  -0.014783  -0.019203   0.005558   0.001948   0.031456 
  0.095818   0.153697   0.277078  -0.130176  -0.119863  -0.039591  -0.001789  -0.002403  -0.028589   0.016902  -0.012548  -0.008308 
  0.132505   0.146059   0.285141  -0.135676  -0.130921  -0.036211   0.036687  -0.007638   0.008063  -0.005500  -0.011058   0.003380 
  0.242329   0.167790   0.316626  -0.172460  -0.119347  -0.061364   0.109824   0.021731   0.031485  -0.036784   0.011574  -0.025153 
  0.170759   0.162557   0.328134  -0.177560  -0.119061  -0.068583  -0.071570  -0.005233   0.011508  -0.005100   0.000286  -0.007219 
  0.119395   0.158056   0.295415  -0.151891  -0.117800  -0.033805  -0.051364  -0.004501  -0.032719   0.025669   0.001261   0.034778 
  0.073453   0.160575   0.273295  -0.109378  -0.149828  -0.031513  -0.045942   0.002519  -0.022120   0.042513  -0.032028   0.002292 
  0.187322   0.156039   0.316200  -0.096773  -0.136192  -0.054030   0.113869  -0.004536   0.042905   0.012605   0.013636  -0.022517 
  0.204887   0.161486   0.352707  -0.157907  -0.140203  -0.060905   0.017565   0.005447   0.036507  -0.061134  -0.004011  -0.006875 
  0.092709   0.167751   0.345697  -0.145875  -0.124217  -0.041482  -0.112178   0.006265  -0.007010   0.012032   0.015986   0.019423 
  0.035607   0.171015   0.327630  -0.093106  -0.136765  -0.072823  -0.057102   0.003264  -0.018067   0.052769  -0.012548  -0.031341 
  0.096361   0.152090   0.321389  -0.132525  -0.130004  -0.046352   0.060754  -0.018925  -0.006241  -0.039419   0.006761   0.026471 
  0.169256   0.140344   0.350540  -0.140718  -0.138026  -0.035924   0.072895  -0.011746   0.029151  -0.008193  -0.008022   0.010428 
  0.247214   0.161568   0.366057  -0.159798  -0.113274  -0.059072   0.077958   0.021224   0.015517  -0.019080   0.024752  -0.023148 
  0.126393   0.182697   0.344686  -0.103992  -0.110237  -0.034034  -0.120821   0.021129  -0.021371   0.055806   0.003037   0.025038 
  0.102123   0.154226   0.319810  -0.135333  -0.123759  -0.028762  -0.024270  -0.028471  -0.024876  -0.031341  -0.013522   0.005272 
  0.143423   0.162715   0.310214  -0.090298  -0.131150  -0.047899   0.041300   0.008489  -0.009596   0.045035  -0.007391  -0.019137 
  0.232636   0.161915   0.352851  -0.146734  -0.130119  -0.053342   0.089213  -0.000800   0.042637  -0.056436   0.001031  -0.005443 
  0.154866   0.152922   0.346330  -0.149026  -0.131666  -0.045607  -0.077770  -0.008993  -0.006521  -0.002292  -0.001547   0.007735 
  0.055795   0.149397   0.317248  -0.135848  -0.151719   0.000000  -0.099071  -0.003525  -0.029082   0.013178  -0.020053   0.045607 
  0.131583   0.153307   0.344744  -0.142838  -0.126738   0.000000   0.075788   0.003910   0.027496  -0.006990   0.024981   0.000000 
  0.216345   0.156794   0.405024  -0.113102  -0.104508  -0.059874   0.084762   0.003487   0.060280   0.029736   0.022230  -0.059874 
  0.135416   0.173178   0.380766  -0.109893  -0.140718  -0.056895  -0.080929   0.016384  -0.024258   0.003209  -0.036210   0.002979 
  0.080598   0.178688   0.351055  -0.108404  -0.136994  -0.035695  -0.054818   0.005510  -0.029711   0.001489   0.003724   0.021200 
  0.139308   0.166669   0.344671  -0.120321  -0.137052  -0.045779   0.058710  -0.012019  -0.006384  -0.011917  -0.000058  -0.010084 
  0.238851   0.145838   0.410502  -0.182659  -0.117514  -0.061994   0.099543  -0.020831   0.065831  -0.062338   0.019538  -0.016215 
  0.177934   0.175355   0.384531  -0.146620  -0.137109  -0.060734  -0.060917   0.029517  -0.025971   0.036039  -0.019595   0.001260 
  0.100266   0.160190   0.330069  -0.145016  -0.128514  -0.030309  -0.077668  -0.015165  -0.054462   0.001604   0.008595   0.030425 
  0.131234   0.148439   0.371753  -0.151891  -0.142151  -0.031283   0.030968  -0.011751   0.041684  -0.006875  -0.013637  -0.000974 
  0.289845   0.140785   0.447935  -0.183060  -0.175440  -0.067666   0.158611  -0.007654   0.076182  -0.031169  -0.033289  -0.036383 
  0.168392   0.150789   0.434293  -0.167877  -0.111383  -0.058900  -0.121453   0.010004  -0.013642   0.015183   0.064057   0.008766 
  0.101479   0.154049   0.375611  -0.163236  -0.137911  -0.037300  -0.066913   0.003260  -0.058682   0.004641  -0.026528   0.021600 
  0.125484   0.170760   0.359713  -0.099408  -0.135218  -0.037013   0.024005   0.016711  -0.015898   0.063828   0.002693   0.000287 
  0.249041   0.144411   0.444605  -0.164553  -0.154298  -0.051738   0.123557  -0.026349   0.084892  -0.065145  -0.019080  -0.014725 
  0.191397   0.154584   0.461648  -0.165298  -0.125879  -0.052139  -0.057644   0.010173   0.017043  -0.000745   0.028419  -0.000401 
  0.129670   0.171187   0.420573  -0.104049  -0.158079  -0.029106  -0.061727   0.016603  -0.041075   0.061249  -0.032200   0.023033 
  0.140301   0.175367   0.382311  -0.097689  -0.151777  -0.033976   0.010631   0.004180  -0.038262   0.006360   0.006302  -0.004870 
  0.237730   0.147085   0.454614  -0.174924  -0.137854  -0.053228   0.097429  -0.028282   0.072303  -0.077235   0.013923  -0.019252 
  0.241242   0.150609   0.459612  -0.174466  -0.160084  -0.054775   0.003512   0.003524   0.004998   0.000458  -0.022230  -0.001547 
  0.103506   0.167330   0.408363  -0.100669  -0.135619  -0.040852  -0.137736   0.016721  -0.051249   0.073797   0.024465   0.013923 
  0.124784   0.151111   0.408892  -0.109721  -0.144443   0.000000   0.021278  -0.016219   0.000529  -0.009052  -0.008824   0.040852 
  0.257911   0.133953   0.491514  -0.169825  -0.158480  -0.051795   0.133127  -0.017158   0.082622  -0.060104  -0.014037  -0.051795 
  0.216057   0.154459   0.521636  -0.179107  -0.111268  -0.051337  -0.041854   0.020506   0.030122  -0.009282   0.047212   0.000458 
  0.129062   0.151088   0.478031  -0.157793  -0.116883  -0.032773  -0.086995  -0.003371  -0.043605   0.021314  -0.005615   0.018564 
  0.150172   0.158550   0.451459  -0.132984  -0.128400   0.000000   0.021110   0.007462  -0.026572   0.024809  -0.011517   0.032773 
  0.249414   0.154901   0.509617  -0.140203  -0.164897  -0.043545   0.099242  -0.003649   0.058158  -0.007219  -0.036497  -0.043545 
  0.240840   0.155463   0.500987  -0.164439  -0.164095  -0.058614  -0.008574   0.000562  -0.008630  -0.024236   0.000802  -0.015069 
  0.130980   0.152276   0.462741  -0.149657  -0.160657  -0.032429  -0.109860  -0.003187  -0.038246   0.014782   0.003438   0.026185 
  0.141617   0.139336   0.455087  -0.158996  -0.131895   0.000000   0.010637  -0.012940  -0.007654  -0.009339   0.028762   0.032429 
  0.205357   0.142678   0.505427  -0.153725  -0.147479  -0.031341   0.063740   0.003342   0.050340   0.005271  -0.015584  -0.031341 
  0.254282   0.145541   0.516331  -0.163522  -0.164439  -0.055921   0.048925   0.002863   0.010904  -0.009797  -0.016960  -0.024580 
  0.130390   0.153124   0.500347  -0.143411  -0.135562  -0.031283  -0.123892   0.007583  -0.015984   0.020111   0.028877   0.024638 
  0.129057   0.137752   0.494485  -0.167246  -0.134129   0.000000  -0.001333  -0.015372  -0.005862  -0.023835   0.001433   0.031283 
  0.140824   0.133885   0.493202  -0.150172  -0.130634   0.000000   0.011767  -0.003867  -0.001283   0.017074   0.003495   0.000000 
  0.192775   0.133635   0.482793  -0.143469  -0.135218  -0.034148   0.051951  -0.000250  -0.010409   0.006703  -0.004584  -0.034148 
  0.303923   0.144691   0.496528  -0.140604  -0.185123  -0.057869   0.111148   0.011056   0.013735   0.002865  -0.049905  -0.023721 
  0.163974   0.108095   0.484397  -0.147250  -0.109320   0.000000  -0.139949  -0.036596  -0.012131  -0.006646   0.075803   0.057869 
  0.149340   0.095499   0.525353  -0.314497  -0.069614   0.000000  -0.014634  -0.012596   0.040956  -0.167247   0.039706   0.000000 
  0.112856   0.145961   0.441035  -0.168049  -0.087663   0.000000  -0.036484   0.050462  -0.084318   0.146448  -0.018049   0.000000 
  0.156415   0.136233   0.470336  -0.204431  -0.141979   0.000000   0.043559  -0.009728   0.029301  -0.036382  -0.054316   0.000000 
  0.284662   0.143389   0.476568  -0.192915  -0.147307  -0.041998   0.128247   0.007156   0.006232   0.011516  -0.005328  -0.041998 
  0.153467   0.161526   0.462006  -0.183289  -0.138083   0.000000  -0.131195   0.018137  -0.014562   0.009626   0.009224   0.041998 
  0.124159   0.141247   0.433532  -0.183518  -0.137338   0.000000  -0.029308  -0.020279  -0.028474  -0.000229   0.000745   0.000000 
  0.218680   0.142740   0.442032  -0.196639  -0.117456   0.000000   0.094521   0.001493   0.008500  -0.013121   0.019882   0.000000 
  0.330682   0.154132   0.479999  -0.254794  -0.133556  -0.054087   0.112002   0.011392   0.037967  -0.058155  -0.016100  -0.054087 
  0.163068   0.165145   0.464283  -0.175268  -0.163408   0.000000  -0.167614   0.011013  -0.015716   0.079526  -0.029852   0.054087 
  0.147564   0.197544   0.409818  -0.195608  -0.133900   0.000000  -0.015504   0.032399  -0.054465  -0.020340   0.029508   0.000000 
  0.211302   0.147397   0.450494  -0.183175  -0.143870   0.000000   0.063738  -0.050147   0.040676   0.012433  -0.009970   0.000000 
  0.242767   0.152185   0.444339  -0.188732  -0.148568  -0.036612   0.031465   0.004788  -0.006155  -0.005557  -0.004698  -0.036612 
  0.113993   0.151945   0.425326  -0.174236  -0.182029   0.000000  -0.128774  -0.000240  -0.019013   0.014496  -0.033461   0.036612 
  0.125530   0.141359   0.397763  -0.149198  -0.170111   0.007506   0.011537  -0.010586  -0.027563   0.025038   0.011918   0.007506 
  0.277043   0.150409   0.438104  -0.165528  -0.175268   0.000000   0.151513   0.009050   0.040341  -0.016330  -0.005157  -0.007506 
  0.259475   0.156946   0.437791  -0.160256  -0.169023   0.000000  -0.017568   0.006537  -0.000313   0.005272   0.006245   0.000000 
  0.136403   0.163871   0.404684  -0.134817  -0.150688   0.000000  -0.123072   0.006925  -0.033107   0.025439   0.018335   0.000000 
  0.179784   0.155723   0.375351  -0.167590  -0.138885   0.012834   0.043381  -0.008148  -0.029333  -0.032773   0.011803   0.012834 
  0.288967   0.161138   0.440670  -0.160829  -0.182888   0.000000   0.109183   0.005415   0.065319   0.006761  -0.044003  -0.012834 
  0.290510   0.170333   0.428982  -0.167991  -0.177388  -0.035294   0.001543   0.009195  -0.011688  -0.007162   0.005500  -0.035294 
  0.156764   0.172187   0.395657  -0.165585  -0.161746   0.000000  -0.133746   0.001854  -0.033325   0.002406   0.015642   0.035294 
  0.169192   0.155523   0.391531  -0.199447  -0.165241   0.000000   0.012428  -0.016664  -0.004126  -0.033862  -0.003495   0.000000 
  0.293865   0.154393   0.465435  -0.171085  -0.193660   0.000000   0.124673  -0.001130   0.073904   0.028362  -0.028419   0.000000 
  0.294546   0.165272   0.472786  -0.169137  -0.198014   0.000000   0.000681   0.010879   0.007351   0.001948  -0.004354   0.000000 
  0.162178   0.167252   0.461912  -0.192399  -0.163637   0.000000  -0.132368   0.001980  -0.010874  -0.023262   0.034377   0.000000 
  0.168850   0.169341   0.428653  -0.160543  -0.170570   0.010943   0.006672   0.002089  -0.033259   0.031856  -0.006933   0.010943 
  0.291856   0.159118   0.468490  -0.175898  -0.181628   0.000000   0.123006  -0.010223   0.039837  -0.015355  -0.011058  -0.010943 
  0.299451   0.160740   0.467389  -0.181513  -0.178935  -0.030711   0.007595   0.001622  -0.001101  -0.005615   0.002693  -0.030711 
