 -0.020266   0.107308   0.075230  -0.007105   0.028705   0.000000   0.000000   0.000000   0.000000   0.000000   0.000000   0.000000 
 -0.104238   0.127617   0.063723   0.023720   0.035180   0.000000  -0.083972   0.020309  -0.011507   0.030825   0.006475   0.000000 
 -0.052634   0.125770   0.123496  -0.013751   0.036326   0.020054   0.051604  -0.001847   0.059773  -0.037471   0.001146   0.020054 
  0.082844   0.139996   0.157551  -0.023205   0.061994  -0.055233   0.135478   0.014226   0.034055  -0.009454   0.025668  -0.075287 
  0.116494   0.143155   0.148505  -0.047441   0.000000  -0.036497   0.033650   0.003159  -0.009046  -0.024236  -0.061994   0.018736 
 -0.157688   0.146977   0.091252   0.010313   0.043258   0.000974  -0.274182   0.003822  -0.057253   0.057754   0.043258   0.037471 
 -0.124037   0.151801   0.101486   0.009740   0.044347  -0.004183   0.033651   0.004824   0.010234  -0.000573   0.001089  -0.005157 
 -0.048993   0.137280   0.140221   0.000000   0.039419  -0.050019   0.075044  -0.014521   0.038735  -0.009740  -0.004928  -0.045836 
  0.046115   0.161209   0.184021  -0.042456   0.031685  -0.085657   0.095108   0.023929   0.043800  -0.042456  -0.007734  -0.035638 
 -0.038880   0.137971   0.148878   0.000000   0.042571  -0.062968  -0.084995  -0.023238  -0.035143   0.042456   0.010886   0.022689 
 -0.147779   0.144403   0.100970  -0.000229   0.054316  -0.011173  -0.108899   0.006432  -0.047908  -0.000229   0.011745   0.051795 
 -0.126815   0.150047   0.107406  -0.005386   0.055176  -0.078151   0.020964   0.005644   0.006436  -0.005157   0.000860  -0.066978 
 -0.043284   0.135596   0.130909   0.000000   0.034836  -0.066979   0.083531  -0.014451   0.023503   0.005386  -0.020340   0.011172 
  0.042992   0.158971   0.183712  -0.040680   0.036154  -0.076604   0.086276   0.023375   0.052803  -0.040680   0.001318  -0.009625 
  0.049968   0.160907   0.174232  -0.042800   0.069442  -0.081532   0.006976   0.001936  -0.009480  -0.002120   0.033288  -0.004928 
 -0.131769   0.143522   0.102645   0.004870   0.052426  -0.031283  -0.181737  -0.017385  -0.071587   0.047670  -0.017016   0.050249 
 -0.121809   0.142158   0.101207  -0.009225   0.043144  -0.003610   0.009960  -0.001364  -0.001438  -0.014095  -0.009282   0.027673 
 -0.061750   0.141903   0.119101  -0.010886   0.000000  -0.064343   0.060059  -0.000255   0.017894  -0.001661  -0.043144  -0.060733 
  0.021559   0.140106   0.143534  -0.035867   0.046009  -0.060504   0.083309  -0.001797   0.024433  -0.024981   0.046009   0.003839 
  0.150211   0.164851   0.160127  -0.027502   0.062051  -0.035753   0.128652   0.024745   0.016593   0.008365   0.016042   0.024751 
 -0.104100   0.135260   0.097682  -0.015413   0.041883   0.001089  -0.254311  -0.029591  -0.062445   0.012089  -0.020168   0.036842 
 -0.127504   0.122619   0.099704   0.000000   0.031685   0.015298  -0.023404  -0.012641   0.002022   0.015413  -0.010198   0.014209 
 -0.027961   0.133428   0.124584   0.000000   0.000000  -0.044519   0.099543   0.010809   0.024880   0.000000  -0.031685  -0.059817 
  0.039939   0.156737   0.166384  -0.049217   0.000000  -0.063255   0.067900   0.023309   0.041800  -0.049217   0.000000  -0.018736 
  0.067494   0.162255   0.136562  -0.041883   0.000000  -0.073052   0.027555   0.005518  -0.029822   0.007334   0.000000  -0.009797 
 -0.141121   0.114004   0.075572   0.000000   0.030481   0.026241  -0.208615  -0.048251  -0.060990   0.041883   0.030481   0.099293 
 -0.103688   0.135827   0.092664  -0.015413   0.033976   0.019251   0.037433   0.021823   0.017092  -0.015413   0.003495  -0.006990 
 -0.032752   0.138271   0.118655  -0.013522   0.000000  -0.040164   0.070936   0.002444   0.025991   0.001891  -0.033976  -0.059415 
  0.143245   0.158924   0.129170  -0.029278   0.000000   0.000000   0.175997   0.020653   0.010515  -0.015756   0.000000   0.040164 
  0.043649   0.132824   0.134587  -0.045779   0.044232  -0.044748  -0.099596  -0.026100   0.005417  -0.016501   0.044232  -0.044748 
 -0.118007   0.126791   0.081937  -0.017418   0.032258   0.026184  -0.161656  -0.006033  -0.052650   0.028361  -0.011974   0.070932 
 -0.072124   0.136214   0.110959  -0.010256   0.000000  -0.041196   0.045883   0.009423   0.029022   0.007162  -0.032258  -0.067380 
 -0.004050   0.132444   0.133770   0.000000   0.000000  -0.049962   0.068074  -0.003770   0.022811   0.010256   0.000000  -0.008766 
  0.125038   0.167172   0.160997  -0.046696   0.000000  -0.000917   0.129088   0.034728   0.027227  -0.046696   0.000000   0.049045 
  0.184808   0.169495   0.234163  -0.079870   0.066349  -0.064802   0.059770   0.002323   0.073166  -0.033174   0.066349  -0.063885 
  0.122720   0.150008   0.108995  -0.076031   0.100096  -0.168679  -0.062088  -0.019487  -0.125168   0.003839   0.033747  -0.103877 
 -0.255842   0.102839   0.057760  -0.040508   0.051566  -0.023892  -0.378562  -0.047169  -0.051235   0.035523  -0.048530   0.144787 
 -0.285389   0.103180   0.068829  -0.028190   0.000000   0.000630  -0.029547   0.000341   0.011069   0.012318  -0.051566   0.024522 
 -0.189868   0.113320   0.093980   0.000000   0.000000   0.035753   0.095521   0.010140   0.025151   0.028190   0.000000   0.035123 
 -0.064762   0.125467   0.117108   0.000000   0.000000  -0.035180   0.125106   0.012147   0.023128   0.000000   0.000000  -0.070933 
  0.057339   0.169643   0.117449  -0.000859   0.000000  -0.051452   0.122101   0.044176   0.000341  -0.000859   0.000000  -0.016272 
  0.118618   0.162332   0.113700   0.000000  -0.001833   0.000000   0.061279  -0.007311  -0.003749   0.000859  -0.001833   0.051452 
  0.141428   0.149022   0.122149  -0.003552   0.000000   0.000000   0.022810  -0.013310   0.008449  -0.003552   0.001833   0.000000 
  0.137963   0.170367   0.119690   0.000000   0.000000  -0.009626  -0.003465   0.021345  -0.002459   0.003552   0.000000  -0.009626 
  0.153561   0.157381   0.156713   0.000000   0.007620  -0.034950   0.015598  -0.012986   0.037023   0.000000   0.007620  -0.025324 
 -0.139135   0.144945   0.108323   0.002235   0.031799   0.000000  -0.292696  -0.012436  -0.048390   0.002235   0.024179   0.034950 
 -0.159272   0.163241   0.116794   0.000000   0.000000  -0.006245  -0.020137   0.018296   0.008471  -0.002235  -0.031799  -0.006245 
 -0.171514   0.164321   0.120303   0.000000   0.000000  -0.004927  -0.012242   0.001080   0.003509   0.000000   0.000000   0.001318 
 -0.171396   0.166446   0.120112   0.000000   0.000000  -0.003839   0.000118   0.002125  -0.000191   0.000000   0.000000   0.001088 
 -0.047310   0.167674   0.159482   0.000000   0.000000  -0.078896   0.124086   0.001228   0.039370   0.000000   0.000000  -0.075057 
 -0.074175   0.158027   0.132741   0.000000   0.000000  -0.072594  -0.026865  -0.009647  -0.026741   0.000000   0.000000   0.006302 
 -0.090940   0.161066   0.144671   0.000000   0.000000  -0.078724  -0.016765   0.003039   0.011930   0.000000   0.000000  -0.006130 
 -0.006679   0.169120   0.153777   0.000000   0.000000  -0.082048   0.084261   0.008054   0.009106   0.000000   0.000000  -0.003324 
  0.040656   0.170041   0.158697   0.000000   0.000000  -0.079527   0.047335   0.000921   0.004920   0.000000   0.000000   0.002521 
  0.093880   0.181725   0.191879   0.000000   0.000000  -0.043774   0.053224   0.011684   0.033182   0.000000   0.000000   0.035753 
  0.027860   0.166278   0.134358   0.000000   0.000000  -0.085657  -0.066020  -0.015447  -0.057521   0.000000   0.000000  -0.041883 
 -0.154282   0.163765   0.121763   0.000000  -0.003438  -0.033002  -0.182142  -0.002513  -0.012595   0.000000  -0.003438   0.052655 
 -0.071372   0.158961   0.161894   0.000000   0.000000  -0.080501   0.082910  -0.004804   0.040131   0.000000   0.003438  -0.047499 
 -0.006570   0.176655   0.195008   0.000000   0.000000  -0.081990   0.064802   0.017694   0.033114   0.000000   0.000000  -0.001489 
 -0.028807   0.170522   0.178359   0.000000   0.000000  -0.084282  -0.022237  -0.006133  -0.016649   0.000000   0.000000  -0.002292 
 -0.209383   0.116484   0.102578  -0.032487  -0.007105   0.000000  -0.180576  -0.054038  -0.075781  -0.032487  -0.007105   0.084282 
 -0.147187   0.119544   0.121069  -0.034893   0.000000  -0.019481   0.062196   0.003060   0.018491  -0.002406   0.007105  -0.019481 
 -0.003048   0.176593   0.194623   0.000000   0.000000  -0.037643   0.144139   0.057049   0.073554   0.034893   0.000000  -0.018162 
  0.070484   0.168426   0.171243  -0.058270   0.000000  -0.060161   0.073532  -0.008167  -0.023380  -0.058270   0.000000  -0.022518 
 -0.139217   0.115370   0.079478  -0.023033   0.000000  -0.026012  -0.209701  -0.053056  -0.091765   0.035237   0.000000   0.034149 
 -0.088243   0.126648   0.121463  -0.032143   0.000000  -0.072880   0.050974   0.011278   0.041985  -0.009110   0.000000  -0.046868 
  0.052151   0.166295   0.172720  -0.052827   0.000000  -0.105310   0.140394   0.039647   0.051257  -0.020684   0.000000  -0.032430 
  0.039333   0.165699   0.158941  -0.051967   0.000000  -0.106742  -0.012818  -0.000596  -0.013779   0.000860   0.000000  -0.001432 
 -0.161792   0.114397   0.076235   0.000000   0.000000  -0.028762  -0.201125  -0.051302  -0.082706   0.051967   0.000000   0.077980 
 -0.154761   0.115681   0.090794  -0.030080   0.000000  -0.030309   0.007031   0.001284   0.014559  -0.030080   0.000000  -0.001547 
 -0.008488   0.164842   0.177803  -0.050077   0.000000  -0.105138   0.146273   0.049161   0.087009  -0.019997   0.000000  -0.074829 
 -0.008459   0.166696   0.174521  -0.052598   0.000000  -0.105138   0.000029   0.001854  -0.003282  -0.002521   0.000000   0.000000 
 -0.154954   0.112642   0.090607  -0.030481   0.000000  -0.023720  -0.146495  -0.054054  -0.083914   0.022117   0.000000   0.081418 
 -0.153864   0.114620   0.090312   0.000000   0.000000  -0.026299   0.001090   0.001978  -0.000295   0.030481   0.000000  -0.002579 
 -0.041528   0.137951   0.162023  -0.048128   0.000000  -0.048988   0.112336   0.023331   0.071711  -0.048128   0.000000  -0.022689 
  0.072481   0.162725   0.195103  -0.066349   0.000000  -0.103591   0.114009   0.024774   0.033080  -0.018221   0.000000  -0.054603 
 -0.075699   0.132723   0.144304  -0.044003   0.000000  -0.073568  -0.148180  -0.030002  -0.050799   0.022346   0.000000   0.030023 
 -0.150276   0.113506   0.103198  -0.034721   0.000000  -0.024752  -0.074577  -0.019217  -0.041106   0.009282   0.000000   0.048816 
 -0.058967   0.155438   0.132202  -0.026184  -0.029851  -0.144042   0.091309   0.041932   0.029004   0.008537  -0.029851  -0.119290 
  0.046132   0.139483   0.198572  -0.064229   0.000000  -0.096773   0.105099  -0.015955   0.066370  -0.038045   0.029851   0.047269 
 -0.008700   0.156879   0.141027  -0.038675   0.000000  -0.108003  -0.054832   0.017396  -0.057545   0.025554   0.000000  -0.011230 
 -0.175669   0.115147   0.090792   0.000000  -0.022804  -0.058900  -0.166969  -0.041732  -0.050235   0.038675  -0.022804   0.049103 
 -0.131058   0.118887   0.116272  -0.037758   0.000000  -0.040050   0.044611   0.003740   0.025480  -0.037758   0.022804   0.018850 
 -0.007742   0.170211   0.189733   0.000000   0.000000  -0.096314   0.123316   0.051324   0.073461   0.037758   0.000000  -0.056264 
  0.020264   0.165629   0.181738  -0.035008   0.000000  -0.100554   0.028006  -0.004582  -0.007995  -0.035008   0.000000  -0.004240 
 -0.144350   0.121919   0.110667  -0.039133   0.000000  -0.039591  -0.164614  -0.043710  -0.071071  -0.004125   0.000000   0.060963 
 -0.143831   0.122614   0.119812  -0.040050   0.000000  -0.031856   0.000519   0.000695   0.009145  -0.000917   0.000000   0.007735 
 -0.007494   0.166063   0.197162  -0.029794   0.000000  -0.093392   0.136337   0.043449   0.077350   0.010256   0.000000  -0.061536 
  0.033219   0.169884   0.194061  -0.039878   0.000000  -0.104336   0.040713   0.003821  -0.003101  -0.010084   0.000000  -0.010944 
 -0.141582   0.123282   0.109125  -0.041883   0.000000  -0.045092  -0.174801  -0.046602  -0.084936  -0.002005   0.000000   0.059244 
 -0.135068   0.123832   0.121078  -0.041539   0.000000  -0.039591   0.006514   0.000550   0.011953   0.000344   0.000000   0.005501 
 -0.008044   0.169872   0.208626  -0.032315   0.000000  -0.100726   0.127024   0.046040   0.087548   0.009224   0.000000  -0.061135 
  0.031229   0.173223   0.204780  -0.045321   0.000000  -0.111383   0.039273   0.003351  -0.003846  -0.013006   0.000000  -0.010657 
 -0.139838   0.122382   0.126250  -0.040737   0.000000  -0.033976  -0.171067  -0.050841  -0.078530   0.004584   0.000000   0.077407 
 -0.161257   0.156181   0.117012   0.000000   0.000000  -0.037070  -0.021419   0.033799  -0.009238   0.040737   0.000000  -0.003094 
 -0.046680   0.168418   0.196285   0.000000   0.000000  -0.097403   0.114577   0.012237   0.079273   0.000000   0.000000  -0.060333 
  0.028302   0.172049   0.208099  -0.039763   0.000000  -0.107200   0.074982   0.003631   0.011814  -0.039763   0.000000  -0.009797 
 -0.155567   0.120353   0.123348  -0.039878   0.000000  -0.052884  -0.183869  -0.051696  -0.084751  -0.000115   0.000000   0.054316 
 -0.164098   0.114867   0.113338  -0.035867   0.000000  -0.042685  -0.008531  -0.005486  -0.010010   0.004011   0.000000   0.010199 
 -0.036983   0.158450   0.188073  -0.053056   0.000000  -0.071219   0.127115   0.043583   0.074735  -0.017189   0.000000  -0.028534 
  0.054832   0.144859   0.209514  -0.075573   0.000000  -0.114878   0.091815  -0.013591   0.021441  -0.022517   0.000000  -0.043659 
 -0.111057   0.151398   0.144934  -0.033060   0.000000  -0.118660  -0.165889   0.006539  -0.064580   0.042513   0.000000  -0.003782 
 -0.154717   0.114229   0.124364  -0.037815   0.000000  -0.041138  -0.043660  -0.037169  -0.020570  -0.004755   0.000000   0.077522 
 -0.091248   0.156760   0.153634  -0.026757   0.000000  -0.069328   0.063469   0.042531   0.029270   0.011058   0.000000  -0.028190 
 -0.008764   0.172010   0.225635  -0.034263   0.000000  -0.110122   0.082484   0.015250   0.072001  -0.007506   0.000000  -0.040794 
 -0.006627   0.172026   0.188713   0.000000   0.000000  -0.082162   0.002137   0.000016  -0.036922   0.034263   0.000000   0.027960 
 -0.153550   0.126367   0.125837  -0.040623   0.000000  -0.053170  -0.146923  -0.045659  -0.062876  -0.040623   0.000000   0.028992 
 -0.099353   0.136449   0.140753  -0.046581   0.000000  -0.088064   0.054197   0.010082   0.014916  -0.005958   0.000000  -0.034894 
 -0.008075   0.170910   0.210799  -0.033403   0.000000  -0.100669   0.091278   0.034461   0.070046   0.013178   0.000000  -0.012605 
  0.028734   0.168211   0.206539  -0.047326   0.000000  -0.110753   0.036809  -0.002699  -0.004260  -0.013923   0.000000  -0.010084 
 -0.103528   0.133603   0.132456  -0.049847   0.000000  -0.090585  -0.132262  -0.034608  -0.074083  -0.002521   0.000000   0.020168 
 -0.157225   0.118072   0.116768  -0.041883   0.000000  -0.041253  -0.053697  -0.015531  -0.015688   0.007964   0.000000   0.049332 
 -0.083869   0.158003   0.160439  -0.041769   0.000000  -0.114305   0.073356   0.039931   0.043671   0.000114   0.000000  -0.073052 
  0.041599   0.170464   0.208374  -0.048243   0.028877  -0.110122   0.125468   0.012461   0.047935  -0.006474   0.028877   0.004183 
 -0.006999   0.166225   0.172417  -0.057869   0.000000  -0.086173  -0.048598  -0.004239  -0.035957  -0.009626  -0.028877   0.023949 
 -0.149993   0.116621   0.108000  -0.036039   0.000000  -0.045951  -0.142994  -0.049604  -0.064417   0.021830   0.000000   0.040222 
 -0.135708   0.118452   0.123136  -0.038732   0.000000  -0.039763   0.014285   0.001831   0.015136  -0.002693   0.000000   0.006188 
 -0.008775   0.166108   0.194990  -0.028934   0.000000  -0.109836   0.126933   0.047656   0.071854   0.009798   0.000000  -0.070073 
  0.028294   0.165204   0.187225  -0.034206   0.000000  -0.120092   0.037069  -0.000904  -0.007765  -0.005272   0.000000  -0.010256 
 -0.102522   0.130890   0.127751  -0.040164   0.000000  -0.095226  -0.130816  -0.034314  -0.059474  -0.005958   0.000000   0.024866 
 -0.113729   0.157189   0.132867   0.000000   0.000000  -0.112529  -0.011207   0.026299   0.005116   0.040164   0.000000  -0.017303 
 -0.008996   0.172229   0.195594   0.000000   0.000000  -0.111555   0.104733   0.015040   0.062727   0.000000   0.000000   0.000974 
  0.036161   0.169913   0.199905  -0.031971   0.000000  -0.123472   0.045157  -0.002316   0.004311  -0.031971   0.000000  -0.011917 
 -0.177093   0.151858   0.111916   0.000000   0.000000  -0.063598  -0.213254  -0.018055  -0.087989   0.031971   0.000000   0.059874 
 -0.195818   0.151391   0.113946   0.000000   0.000000  -0.060562  -0.018725  -0.000467   0.002030   0.000000   0.000000   0.003036 
 -0.071032   0.163118   0.181603   0.000000   0.000000  -0.113388   0.124786   0.011727   0.067657   0.000000   0.000000  -0.052826 
 -0.009819   0.164375   0.197940  -0.036898   0.000000  -0.121811   0.061213   0.001257   0.016337  -0.036898   0.000000  -0.008423 
 -0.138958   0.116041   0.098792  -0.035008   0.000000  -0.068870  -0.129139  -0.048334  -0.099148   0.001890   0.000000   0.052941 
 -0.173282   0.113757   0.097821  -0.032830   0.000000  -0.068583  -0.034324  -0.002284  -0.000971   0.002178   0.000000   0.000287 
 -0.087487   0.151986   0.149786  -0.035810   0.000000  -0.136364   0.085795   0.038229   0.051965  -0.002980   0.000000  -0.067781 
  0.047404   0.137952   0.191906  -0.065260   0.000000  -0.092246   0.134891  -0.014034   0.042120  -0.029450   0.000000   0.044118 
 -0.079184   0.123651   0.125849  -0.048128   0.000000  -0.081475  -0.126588  -0.014301  -0.066057   0.017132   0.000000   0.010771 
 -0.190908   0.112660   0.101168  -0.038503   0.000000  -0.059759  -0.111724  -0.010991  -0.024681   0.009625   0.000000   0.021716 
 -0.144867   0.122849   0.122550  -0.035581   0.000000  -0.063025   0.046041   0.010189   0.021382   0.002922   0.000000  -0.003266 
 -0.009413   0.164382   0.181933   0.000000   0.000000  -0.117113   0.135454   0.041533   0.059383   0.035581   0.000000  -0.054088 
 -0.010377   0.159372   0.179713  -0.036440   0.000000  -0.128285  -0.000964  -0.005010  -0.002220  -0.036440   0.000000  -0.011172 
 -0.176211   0.118308   0.101863  -0.037701   0.000000  -0.071219  -0.165834  -0.041064  -0.077850  -0.001261   0.000000   0.057066 
 -0.198449   0.115467   0.106142  -0.034721   0.000000  -0.070417  -0.022238  -0.002841   0.004279   0.002980   0.000000   0.000802 
 -0.085412   0.157051   0.173870   0.000000   0.000000  -0.119576   0.113037   0.041584   0.067728   0.034721   0.000000  -0.049159 
  0.013213   0.139245   0.189240  -0.062338   0.000000  -0.092819   0.098625  -0.017806   0.015370  -0.062338   0.000000   0.026757 
 -0.104469   0.123902   0.133757  -0.044805   0.000000  -0.103476  -0.117682  -0.015343  -0.055483   0.017533   0.000000  -0.010657 
 -0.207179   0.110565   0.092019  -0.034492   0.000000  -0.067781  -0.102710  -0.013337  -0.041738   0.010313   0.000000   0.035695 
 -0.107837   0.158292   0.133295   0.000000  -0.031398  -0.129603   0.099342   0.047727   0.041276   0.034492  -0.031398  -0.061822 
 -0.010323   0.161825   0.185261  -0.033976   0.000000  -0.128113   0.097514   0.003533   0.051966  -0.033976   0.031398   0.001490 
 -0.098139   0.155307   0.136191  -0.040050   0.000000  -0.151146  -0.087816  -0.006518  -0.049070  -0.006074   0.000000  -0.023033 
 -0.231473   0.107638   0.086721  -0.032086   0.000000  -0.070588  -0.133334  -0.047669  -0.049470   0.007964   0.000000   0.080558 
 -0.191960   0.112532   0.096561  -0.033346   0.000000  -0.069213   0.039513   0.004894   0.009840  -0.001260   0.000000   0.001375 
 -0.116375   0.151530   0.138303  -0.037013  -0.037873  -0.134932   0.075585   0.038998   0.041742  -0.003667  -0.037873  -0.065719 
 -0.010873   0.162060   0.189997  -0.036784   0.000000  -0.135848   0.105502   0.010530   0.051694   0.000229   0.037873  -0.000916 
 -0.104684   0.149504   0.130673  -0.037185   0.000000  -0.150058  -0.093811  -0.012556  -0.059324  -0.000401   0.000000  -0.014210 
 -0.193255   0.109375   0.082435   0.000000   0.000000  -0.084282  -0.088571  -0.040129  -0.048238   0.037185   0.000000   0.065776 
 -0.170253   0.113553   0.088127   0.000000   0.000000  -0.084053   0.023002   0.004178   0.005692   0.000000   0.000000   0.000229 
 -0.060326   0.132124   0.175735  -0.061822   0.000000  -0.133385   0.109927   0.018571   0.087608  -0.061822   0.000000  -0.049332 
 -0.045887   0.152972   0.181812  -0.041883   0.000000  -0.137510   0.014439   0.020848   0.006077   0.019939   0.000000  -0.004125 
 -0.216043   0.116696   0.103586  -0.040966   0.000000  -0.086975  -0.170156  -0.036276  -0.078226   0.000917   0.000000   0.050535 
 -0.218213   0.115707   0.097068  -0.035122  -0.012605  -0.085142  -0.002170  -0.000989  -0.006518   0.005844  -0.012605   0.001833 
 -0.159621   0.118392   0.119029   0.000000  -0.008251  -0.095455   0.058592   0.002685   0.021961   0.035122   0.004354  -0.010313 
 -0.011349   0.157470   0.198223  -0.032716   0.000000  -0.141521   0.148272   0.039078   0.079194  -0.032716   0.008251  -0.046066 
 -0.011904   0.160929   0.216827  -0.050134   0.000000  -0.149026  -0.000555   0.003459   0.018604  -0.017418   0.000000  -0.007505 
 -0.171410   0.157265   0.144252   0.000000  -0.009969  -0.102502  -0.159506  -0.003664  -0.072575   0.050134  -0.009969   0.046524 
 -0.230007   0.136623   0.109123   0.000000   0.000000  -0.084912  -0.058597  -0.020642  -0.035129   0.000000   0.009969   0.017590 
 -0.184797   0.108729   0.106743   0.000000   0.000000  -0.088121   0.045210  -0.027894  -0.002380   0.000000   0.000000  -0.003209 
 -0.132052   0.113854   0.124028  -0.035180   0.000000  -0.098893   0.052745   0.005125   0.017285  -0.035180   0.000000  -0.010772 
 -0.010929   0.150655   0.187027  -0.036383   0.000000  -0.136479   0.121123   0.036801   0.062999  -0.001203   0.000000  -0.037586 
 -0.011712   0.151916   0.168531  -0.045607   0.000000  -0.144615  -0.000783   0.001261  -0.018496  -0.009224   0.000000  -0.008136 
 -0.204014   0.114084   0.101597  -0.044863   0.000000  -0.089439  -0.192302  -0.037832  -0.066934   0.000744   0.000000   0.055176 
 -0.235628   0.112809   0.088987  -0.042342   0.000000  -0.080672  -0.031614  -0.001275  -0.012610   0.002521   0.000000   0.008767 
 -0.168130   0.151481   0.121444   0.000000   0.007219  -0.091329   0.067498   0.038672   0.032457   0.042342   0.007219  -0.010657 
 -0.011224   0.153973   0.175309  -0.046238   0.000000  -0.138885   0.156906   0.002492   0.053865  -0.046238  -0.007219  -0.047556 
 -0.108627   0.144429   0.123055  -0.044462  -0.029049  -0.148854  -0.097403  -0.009544  -0.052254   0.001776  -0.029049  -0.009969 
 -0.262113   0.109540   0.063774   0.000000  -0.014897  -0.088694  -0.153486  -0.034889  -0.059281   0.044462   0.014152   0.060160 
 -0.182823   0.124560   0.106787   0.000000   0.000000  -0.090642   0.079290   0.015020   0.043013   0.000000   0.014897  -0.001948 
 -0.080155   0.150904   0.174554  -0.037414   0.000000  -0.138541   0.102668   0.026344   0.067767  -0.037414   0.000000  -0.047899 
 -0.011758   0.151413   0.163333  -0.041368   0.000000  -0.145818   0.068397   0.000509  -0.011221  -0.003954   0.000000  -0.007277 
 -0.252201   0.109605   0.080323  -0.027101   0.000000  -0.085485  -0.240443  -0.041808  -0.083010   0.014267   0.000000   0.060333 
 -0.238273   0.113010   0.100179  -0.027903   0.000000  -0.090126   0.013928   0.003405   0.019856  -0.000802   0.000000  -0.004641 
